1768045640.918430567 0.000000 0.000000 -0.000000 -0.000000 0.000000 -1.000000 0.000002
1768045641.018417835 -0.006939 0.000558 -0.000182 0.000433 0.000104 1.000000 0.000546
1768045641.118446827 -0.021092 -0.000307 0.001740 0.000543 0.000451 0.999998 0.001664
1768045641.218437195 -0.009493 -0.010365 0.001420 0.001418 0.000462 0.999999 0.000303
1768045641.318405151 -0.004329 -0.016960 0.002931 0.002317 0.000730 0.999997 -0.000495
1768045641.418455839 -0.014353 -0.019297 0.001688 0.003090 0.000740 0.999995 0.000115
1768045641.518423319 -0.020939 -0.023837 0.002009 0.003797 0.000917 0.999992 0.000408
1768045641.618498564 -0.041983 -0.019748 0.006758 0.004330 0.001585 0.999988 0.001912
1768045641.718449831 -0.061049 -0.018266 0.006495 0.004856 0.001709 0.999982 0.003023
1768045641.818466902 -0.112216 -0.005777 0.005641 0.005475 0.001687 0.999959 0.007015
1768045641.918467522 -0.128131 -0.005559 0.002629 0.003077 -0.000286 0.999971 0.007031
1768045642.018457651 -0.148717 -0.004282 0.001600 -0.000535 -0.007806 0.999951 0.006143
1768045642.118439198 -0.157131 -0.008002 0.007800 0.001224 -0.008030 0.999955 0.004818
1768045642.218441486 -0.169588 -0.010252 0.006773 0.001835 -0.008138 0.999958 0.003827
1768045642.318469524 -0.185301 -0.009769 0.004259 0.001978 -0.008495 0.999955 0.003686
1768045642.418468237 -0.200449 -0.007483 0.008039 0.001795 -0.008114 0.999956 0.004400
1768045642.518473148 -0.195188 -0.016962 0.008709 0.001780 -0.007941 0.999962 0.003093
1768045642.618484974 -0.215576 -0.008180 0.005549 0.001832 -0.008284 0.999954 0.004416
1768045642.718548536 -0.230099 -0.008134 0.010852 0.000890 -0.007712 0.999958 0.004962
1768045642.818588257 -0.226248 -0.012341 0.010892 0.000849 -0.007629 0.999963 0.003884
1768045642.918584824 -0.244522 -0.011116 0.008221 0.000356 -0.007957 0.999957 0.004696
1768045643.018406630 -0.255588 -0.009540 0.011619 -0.000697 -0.007618 0.999959 0.004916
1768045643.118489265 -0.281481 -0.002900 0.009162 -0.001910 -0.007933 0.999944 0.006755
1768045643.218450069 -0.285538 -0.004132 0.014612 -0.003791 -0.007360 0.999945 0.006498
1768045643.318466187 -0.300857 0.003984 0.004878 -0.001689 -0.008337 0.999937 0.007282
1768045643.418505430 -0.328427 0.008441 0.005282 0.002758 -0.011041 0.999906 0.007624
1768045643.518467188 -0.330592 0.003115 0.000315 0.004016 -0.001259 0.999981 0.004524
1768045643.618510246 -0.331648 -0.000840 0.000939 0.001261 -0.001057 0.999995 0.002762
1768045643.718512058 -0.329546 -0.009629 -0.000433 0.000877 -0.001161 0.999998 0.001618
1768045643.818575382 -0.339409 -0.008565 0.002284 0.000959 -0.000858 0.999998 0.001751
1768045643.918502808 -0.352909 -0.008413 0.003173 0.001168 -0.000818 0.999996 0.002368
1768045644.018501282 -0.352867 -0.016037 0.006771 0.001626 -0.000636 0.999997 0.001527
1768045644.118479013 -0.352583 -0.022193 0.001705 0.002669 -0.001284 0.999995 0.000708
1768045644.218518019 -0.352631 -0.030308 0.006639 0.003282 -0.001101 0.999994 -0.000354
1768045644.318552494 -0.363450 -0.030793 0.006696 0.004005 -0.001192 0.999991 -0.000287
1768045644.418469667 -0.377766 -0.029171 0.010613 0.004655 -0.000957 0.999989 0.000003
1768045644.518493652 -0.401934 -0.026953 0.008234 0.005531 -0.001342 0.999983 0.001182
1768045644.618473053 -0.435052 -0.016692 0.014485 0.005461 -0.000679 0.999981 0.002819
1768045644.718434334 -0.454218 -0.019728 0.007978 0.004857 -0.003371 0.999969 0.005159
1768045644.818497896 -0.456429 -0.025087 0.010252 0.003154 -0.012425 0.999891 0.007320
1768045644.919588327 -0.481391 -0.021287 0.010412 0.004321 -0.016955 0.999820 0.007281
1768045645.018548965 -0.502371 -0.019862 0.013071 0.004932 -0.017055 0.999821 0.006582
1768045645.118544579 -0.512938 -0.022894 0.006721 0.005425 -0.017598 0.999818 0.004986
1768045645.218584299 -0.524295 -0.026617 0.019085 0.004782 -0.016149 0.999850 0.003939
1768045645.318557501 -0.529229 -0.033030 0.012063 0.005498 -0.017053 0.999836 0.002729
1768045645.418633461 -0.552223 -0.027650 0.013207 0.004955 -0.016938 0.999839 0.003389
1768045645.518558025 -0.579037 -0.019650 0.008378 0.004695 -0.017504 0.999827 0.004217
1768045645.618566751 -0.599086 -0.017390 0.009201 0.004611 -0.017527 0.999827 0.004123
1768045645.718602180 -0.598725 -0.019662 0.004572 0.004100 -0.018038 0.999827 0.001830
1768045645.818542480 -0.603820 -0.029557 0.003001 0.003456 -0.018142 0.999829 -0.000248
1768045645.918529034 -0.616847 -0.032723 0.010144 0.001730 -0.017506 0.999845 -0.000960
1768045646.018548965 -0.640854 -0.026422 -0.007078 0.000716 -0.019568 0.999808 -0.000465
1768045646.118520498 -0.638514 -0.036797 0.010493 0.000960 -0.017643 0.999841 -0.002597
1768045646.218554020 -0.649021 -0.039191 0.006657 0.002714 -0.017612 0.999835 -0.003630
1768045646.318561316 -0.661148 -0.041620 0.038315 0.003145 -0.007376 0.999961 -0.003609
1768045646.418476582 -0.661261 -0.052442 0.008736 0.004136 -0.004808 0.999954 -0.007157
1768045646.518558025 -0.683891 -0.048110 -0.003495 0.003637 -0.006017 0.999957 -0.005982
1768045646.618561029 -0.699725 -0.041673 -0.004910 0.003414 -0.006129 0.999964 -0.004813
1768045646.718608379 -0.708031 -0.046627 -0.004198 0.003786 -0.006095 0.999963 -0.004649
1768045646.818559647 -0.717208 -0.052626 0.005079 0.003761 -0.005202 0.999970 -0.004397
1768045646.918527842 -0.729080 -0.048494 -0.002403 0.004996 -0.006281 0.999961 -0.003675
1768045647.018521786 -0.743395 -0.053270 0.001755 0.005619 -0.005909 0.999962 -0.002987
1768045647.118569613 -0.755489 -0.059634 0.002468 0.006268 -0.005950 0.999959 -0.002513
1768045647.219480515 -0.766910 -0.057895 0.000960 0.006672 -0.006274 0.999956 -0.002133
1768045647.318632603 -0.775695 -0.065025 0.000390 0.006582 -0.006427 0.999956 -0.001730
1768045647.418593168 -0.796124 -0.056982 0.002206 0.006129 -0.006366 0.999961 -0.000070
1768045647.518627644 -0.824041 -0.053459 -0.000409 0.006533 -0.007261 0.999950 0.002089
1768045647.618582010 -0.821185 -0.064103 0.005431 0.004175 -0.013176 0.999904 0.000343
1768045647.718595028 -0.838669 -0.063822 0.012298 0.001441 -0.018701 0.999824 -0.000555
1768045647.818617105 -0.848279 -0.066318 -0.002229 0.002741 -0.018914 0.999816 -0.001533
1768045647.922343969 -0.855880 -0.068754 0.005135 0.003131 -0.016702 0.999854 -0.001626
1768045648.018636703 -0.862955 -0.077101 0.013727 0.003371 -0.016716 0.999851 -0.002718
1768045648.118598461 -0.870389 -0.081998 0.015898 0.002156 -0.018227 0.999822 -0.004289
1768045648.218608856 -0.864318 -0.097223 0.012521 0.002647 -0.018617 0.999808 -0.005465
1768045648.318543196 -0.879112 -0.093683 0.014532 0.002495 -0.018256 0.999825 -0.003106
1768045648.418704271 -0.884785 -0.091613 0.010274 0.003414 -0.018789 0.999813 -0.003108
1768045648.518665791 -0.885769 -0.094432 0.014936 0.002946 -0.018143 0.999824 -0.003725
1768045648.618592978 -0.884770 -0.095360 0.016905 0.002997 -0.017889 0.999828 -0.003841
1768045648.718748569 -0.885030 -0.096610 0.015794 0.003061 -0.018007 0.999826 -0.003831
1768045648.818634510 -0.889490 -0.090920 0.016246 0.002966 -0.017975 0.999829 -0.003321
1768045648.918618679 -0.886545 -0.094179 0.021156 0.002732 -0.017388 0.999838 -0.003649
1768045649.018676281 -0.889227 -0.089643 0.011038 0.002817 -0.018471 0.999820 -0.003239
1768045649.118632793 -0.891587 -0.090432 0.015690 0.002737 -0.017930 0.999831 -0.002988
1768045649.218571186 -0.894949 -0.088772 0.016751 0.002246 -0.017770 0.999836 -0.002615
1768045649.318571806 -0.893341 -0.086540 0.012997 0.002365 -0.018155 0.999829 -0.002657
1768045649.418651819 -0.892278 -0.087784 0.019460 0.002207 -0.017491 0.999841 -0.002761
1768045649.518594265 -0.895927 -0.084397 0.016227 0.002366 -0.017844 0.999835 -0.002321
1768045649.618632078 -0.899395 -0.085530 0.015633 0.002347 -0.017882 0.999835 -0.001931
1768045649.718728542 -0.893179 -0.087602 0.014746 0.002459 -0.018014 0.999832 -0.002454
1768045649.818650961 -0.898558 -0.085310 0.005328 0.002797 -0.019045 0.999813 -0.001899
1768045649.920442343 -0.889401 -0.091972 0.013786 0.002653 -0.018105 0.999829 -0.002845
1768045650.018643856 -0.888333 -0.091537 0.006546 0.003145 -0.018986 0.999810 -0.002948
1768045650.118642092 -0.886548 -0.092532 0.012061 0.002777 -0.018327 0.999823 -0.003111
1768045650.218636274 -0.887962 -0.092158 0.015547 0.002586 -0.017959 0.999831 -0.002950
1768045650.318672657 -0.887533 -0.089823 0.014235 0.002848 -0.018166 0.999827 -0.002790
1768045650.418673992 -0.887210 -0.088581 -0.002187 0.003631 -0.020019 0.999789 -0.002749
1768045650.518669605 -0.888172 -0.092405 -0.001869 0.003382 -0.019945 0.999791 -0.002931
1768045650.619403124 -0.890902 -0.092257 -0.001348 0.003342 -0.019859 0.999794 -0.002575
1768045650.718634129 -0.893340 -0.092194 -0.001269 0.003359 -0.019864 0.999794 -0.002309
1768045650.818681955 -0.894823 -0.091533 -0.001311 0.003346 -0.019865 0.999795 -0.002098
1768045650.918653250 -0.892791 -0.092245 -0.000818 0.003346 -0.019813 0.999796 -0.002258
1768045651.018728495 -0.894106 -0.091927 -0.000918 0.003311 -0.019828 0.999796 -0.002059
1768045651.118691444 -0.894375 -0.091262 -0.000962 0.003342 -0.019853 0.999795 -0.001955
1768045651.218650341 -0.892847 -0.092229 -0.001747 0.003454 -0.019938 0.999793 -0.002054
1768045651.318684578 -0.893153 -0.091161 -0.001807 0.003265 -0.019988 0.999793 -0.001994
1768045651.419646978 -0.892598 -0.090994 -0.002124 0.003231 -0.020036 0.999792 -0.001980
1768045651.522244215 -0.892757 -0.091001 -0.001844 0.003197 -0.020006 0.999793 -0.001904
1768045651.618650436 -0.893172 -0.089940 -0.002317 0.003246 -0.020049 0.999792 -0.001882
1768045651.718712807 -0.892742 -0.089723 -0.002525 0.003344 -0.020106 0.999791 -0.001845
1768045651.818698168 -0.890877 -0.089731 -0.002336 0.003355 -0.020036 0.999792 -0.001958
1768045651.918707609 -0.889021 -0.091489 -0.001985 0.003285 -0.020012 0.999792 -0.002062
1768045652.018670797 -0.889523 -0.091575 -0.001824 0.003316 -0.019974 0.999793 -0.001895
1768045652.118673086 -0.892158 -0.091123 -0.001921 0.003336 -0.020011 0.999793 -0.001525
1768045652.218702793 -0.892601 -0.091233 -0.001480 0.003280 -0.019924 0.999795 -0.001385
1768045652.318642855 -0.892563 -0.090578 -0.002168 0.003241 -0.020002 0.999794 -0.001299
1768045652.418727875 -0.891588 -0.091654 -0.001943 0.003253 -0.019990 0.999794 -0.001359
1768045652.518728018 -0.890687 -0.091902 -0.002054 0.003299 -0.020028 0.999793 -0.001320
1768045652.618699312 -0.887896 -0.091527 -0.002232 0.003396 -0.020040 0.999792 -0.001536
1768045652.718696594 -0.889981 -0.091039 -0.002024 0.003281 -0.020008 0.999794 -0.001200
1768045652.818709612 -0.887761 -0.092629 -0.002193 0.003346 -0.020045 0.999793 -0.001387
1768045652.918776989 -0.888178 -0.092598 -0.001922 0.003371 -0.019990 0.999794 -0.001198
1768045653.018722534 -0.888204 -0.092010 -0.002055 0.003213 -0.020012 0.999794 -0.001126
1768045653.118627310 -0.888016 -0.092415 -0.001781 0.003440 -0.019881 0.999796 -0.001040
1768045653.218678713 -0.888363 -0.092182 -0.001791 0.003166 -0.019921 0.999796 -0.000828
1768045653.318790436 -0.888270 -0.092001 -0.001695 0.003249 -0.019912 0.999796 -0.000827
1768045653.418750048 -0.888060 -0.091151 -0.001449 0.003224 -0.019892 0.999797 -0.000813
1768045653.518854141 -0.888408 -0.093418 -0.001553 0.003224 -0.019914 0.999796 -0.000668
1768045653.618746281 -0.887731 -0.092380 -0.001849 0.003343 -0.019975 0.999795 -0.000717
1768045653.718767405 -0.887672 -0.092311 -0.001933 0.003231 -0.019957 0.999795 -0.000616
1768045653.821180582 -0.887497 -0.092663 -0.001828 0.003334 -0.019995 0.999794 -0.000534
1768045653.918658972 -0.889379 -0.090288 -0.001929 0.003196 -0.019969 0.999795 -0.000193
1768045654.018751144 -0.888564 -0.091463 -0.001893 0.003235 -0.019973 0.999795 -0.000228
1768045654.118707895 -0.888038 -0.091199 -0.002054 0.003180 -0.019990 0.999795 -0.000194
1768045654.218743563 -0.888204 -0.090619 -0.001978 0.003069 -0.019984 0.999796 -0.000077
1768045654.318731546 -0.886933 -0.093799 -0.001354 0.003014 -0.019904 0.999797 -0.000157
1768045654.418702841 -0.887228 -0.092856 -0.001523 0.003094 -0.019925 0.999797 -0.000022
1768045654.518877506 -0.891128 -0.090595 -0.001774 0.003249 -0.019951 0.999796 0.000439
1768045654.619919777 -0.887893 -0.092616 -0.001808 0.003218 -0.019914 0.999796 0.000253
1768045654.718645811 -0.889798 -0.091808 -0.001286 0.003264 -0.019896 0.999797 0.000562
1768045654.818717480 -0.887500 -0.092573 -0.001588 0.003236 -0.019908 0.999796 0.000393
1768045654.918690205 -0.887307 -0.092628 -0.001259 0.003165 -0.019860 0.999798 0.000425
1768045655.018678188 -0.887408 -0.092827 -0.001512 0.003020 -0.019899 0.999797 0.000533
1768045655.118741274 -0.888275 -0.091479 -0.001585 0.003208 -0.019939 0.999796 0.000665
1768045655.218746901 -0.887405 -0.091766 -0.001680 0.003165 -0.019936 0.999796 0.000653
1768045655.318695784 -0.886370 -0.092612 -0.001813 0.003269 -0.019964 0.999795 0.000646
1768045655.420762777 -0.885599 -0.093256 -0.001792 0.003283 -0.019984 0.999795 0.000669
1768045655.518731833 -0.886726 -0.093730 -0.001499 0.003932 -0.019709 0.999798 0.000490
1768045655.618744612 -0.888717 -0.094167 -0.002426 0.007503 -0.020665 0.999757 -0.001883
1768045655.718761921 -0.891221 -0.095770 -0.001379 0.009954 -0.019790 0.999723 -0.007896
1768045655.818663836 -0.893072 -0.095243 -0.001074 0.010411 -0.017687 0.999644 -0.017020
1768045655.918781281 -0.890304 -0.097883 0.000014 0.007956 -0.018441 0.999506 -0.024163
1768045656.018738747 -0.889751 -0.102258 -0.001831 0.005789 -0.019800 0.999373 -0.028763
1768045656.118813276 -0.890949 -0.106537 -0.001359 0.006014 -0.019596 0.999235 -0.033299
1768045656.218757391 -0.892354 -0.108659 -0.000785 0.005694 -0.019240 0.999056 -0.038539
1768045656.320899248 -0.893251 -0.107696 -0.001355 0.005883 -0.019043 0.998855 -0.043482
1768045656.418754339 -0.897839 -0.113767 0.000125 0.006612 -0.018543 0.998673 -0.047596
1768045656.518707514 -0.906371 -0.113366 0.001076 0.006110 -0.018347 0.998537 -0.050499
1768045656.618720770 -0.918608 -0.118665 0.000705 0.005471 -0.018402 0.998317 -0.054726
1768045656.718724489 -0.932382 -0.116594 0.002014 0.005442 -0.018361 0.997796 -0.063536
1768045656.818739414 -0.954964 -0.123132 0.000862 0.005295 -0.018520 0.997328 -0.070471
1768045656.918763876 -0.994821 -0.127322 -0.002595 0.005445 -0.019065 0.996925 -0.075810
1768045657.018771648 -1.003477 -0.126111 -0.002992 0.005697 -0.019054 0.996197 -0.084832
1768045657.118745804 -1.016127 -0.131702 -0.002047 0.005694 -0.018949 0.995467 -0.093029
1768045657.218791008 -1.028007 -0.137298 -0.002327 0.005477 -0.018815 0.994690 -0.101035
1768045657.318728924 -1.031359 -0.139481 -0.000672 0.005146 -0.018727 0.993821 -0.109283
1768045657.418710709 -1.044949 -0.139153 -0.000487 0.004785 -0.018750 0.992981 -0.116681
1768045657.518835545 -1.049367 -0.145291 -0.003848 0.005035 -0.019215 0.992111 -0.123782
1768045657.618855000 -1.054040 -0.144992 -0.011110 0.003911 -0.018289 0.991605 -0.127945
1768045657.718779802 -1.053477 -0.148107 -0.008351 -0.000875 -0.014778 0.991066 -0.132550
1768045657.818861008 -1.063293 -0.149777 -0.007000 -0.001035 -0.015052 0.990846 -0.134155
1768045657.918777704 -1.071186 -0.150215 -0.011099 -0.000992 -0.015710 0.989946 -0.140566
1768045658.018745899 -1.071930 -0.158493 -0.006842 -0.001444 -0.015249 0.988949 -0.147464
1768045658.118760586 -1.072796 -0.162466 -0.008040 -0.001239 -0.015495 0.987830 -0.154760
1768045658.218828917 -1.081654 -0.165561 -0.008878 -0.001478 -0.015775 0.986834 -0.160958
1768045658.318811655 -1.085370 -0.176308 -0.009220 -0.001906 -0.015943 0.985661 -0.167974
1768045658.418830156 -1.094858 -0.178303 -0.016170 -0.002216 -0.016841 0.984561 -0.174215
1768045658.518807650 -1.093950 -0.186361 -0.013274 -0.001837 -0.016506 0.983234 -0.181591
1768045658.618783712 -1.099448 -0.190194 -0.012972 -0.002181 -0.016602 0.982064 -0.187803
1768045658.718809128 -1.097185 -0.201061 -0.005331 -0.002075 -0.015603 0.980629 -0.195243
1768045658.818815231 -1.098291 -0.206084 -0.003781 -0.002178 -0.015352 0.979216 -0.202228
1768045658.918758392 -1.096284 -0.206597 -0.004378 -0.002059 -0.015454 0.977656 -0.209632
1768045659.018801928 -1.096827 -0.211819 -0.004799 -0.002317 -0.015561 0.976071 -0.216881
1768045659.118776083 -1.094538 -0.213236 -0.004380 -0.001694 -0.014695 0.974580 -0.223549
1768045659.218858957 -1.095968 -0.217639 -0.003398 0.002640 -0.012391 0.974528 -0.223906
1768045659.318886518 -1.096512 -0.212272 -0.003034 0.006316 -0.013805 0.974364 -0.224463
1768045659.421345472 -1.099078 -0.210019 -0.003097 0.006250 -0.013941 0.973136 -0.229722
1768045659.518895149 -1.101503 -0.211976 -0.003731 0.006052 -0.014026 0.970963 -0.238742
1768045659.618818760 -1.104388 -0.213829 -0.002053 0.005926 -0.013895 0.968594 -0.248190
1768045659.718727827 -1.107241 -0.220175 -0.003212 0.005723 -0.013911 0.966289 -0.257021
1768045659.818853378 -1.111975 -0.224122 -0.003310 0.005611 -0.013926 0.963959 -0.265629
1768045659.918831348 -1.113510 -0.225155 -0.002654 0.005414 -0.013825 0.961637 -0.273924
1768045660.018828869 -1.121051 -0.229640 -0.001644 0.005406 -0.013665 0.959540 -0.281190
1768045660.119525433 -1.136378 -0.240055 -0.000486 0.005405 -0.013484 0.957667 -0.287512
1768045660.220153332 -1.159399 -0.253725 0.001974 0.005106 -0.013137 0.956101 -0.292698
1768045660.319304228 -1.164432 -0.254404 -0.000555 0.004784 -0.013385 0.953732 -0.300323
1768045660.419060946 -1.174069 -0.261370 -0.001333 0.004280 -0.013556 0.951758 -0.306520
1768045660.518905401 -1.181426 -0.265970 -0.000386 0.003848 -0.013440 0.949060 -0.314786
1768045660.618828773 -1.187977 -0.273464 0.002204 0.004336 -0.013048 0.946580 -0.322174
1768045660.718894482 -1.194616 -0.275601 0.000621 0.003818 -0.013328 0.943924 -0.329873
1768045660.818783522 -1.201592 -0.282386 0.002477 0.002904 -0.016445 0.942031 -0.335110
1768045660.918944359 -1.198959 -0.280942 -0.001475 0.000645 -0.022170 0.940898 -0.337964
1768045661.018878460 -1.206727 -0.286593 0.001645 -0.003774 -0.023502 0.940612 -0.338648
1768045661.118818045 -1.209017 -0.292299 0.002704 -0.003977 -0.023501 0.939146 -0.342692
1768045661.218819618 -1.209752 -0.296421 0.001565 -0.004062 -0.023679 0.936416 -0.350068
1768045661.318825960 -1.210954 -0.299958 0.001406 -0.004329 -0.023788 0.933476 -0.357824
1768045661.418815136 -1.202447 -0.300300 -0.002559 -0.004804 -0.024284 0.930104 -0.366460
1768045661.518827677 -1.211751 -0.315306 0.001596 -0.004293 -0.023751 0.927651 -0.372667
1768045661.618876696 -1.206456 -0.318265 -0.005070 -0.004785 -0.024572 0.924458 -0.380462
1768045661.718861103 -1.204838 -0.321181 -0.003820 -0.005512 -0.024510 0.921000 -0.388752
1768045661.818848848 -1.207895 -0.332343 -0.000797 -0.004350 -0.024033 0.918047 -0.395719
1768045661.918851376 -1.184717 -0.328982 -0.011575 -0.003947 -0.025465 0.913786 -0.405377
1768045662.018907785 -1.185279 -0.336093 -0.012419 -0.004208 -0.025573 0.910539 -0.412609
1768045662.118880033 -1.179425 -0.336297 -0.011687 -0.004336 -0.025347 0.907320 -0.419654
1768045662.218864202 -1.178835 -0.335256 -0.012490 -0.004595 -0.025506 0.905600 -0.423340
1768045662.318880320 -1.179718 -0.334757 -0.012612 -0.004607 -0.025406 0.904614 -0.425450
1768045662.418992281 -1.179902 -0.332984 -0.012603 -0.003758 -0.023402 0.903662 -0.427589
1768045662.518899202 -1.183539 -0.329464 -0.011627 -0.001199 -0.021152 0.903483 -0.428100
1768045662.620529175 -1.183898 -0.328634 -0.011732 -0.002513 -0.019652 0.904726 -0.425533
1768045662.718876362 -1.184135 -0.327617 -0.011419 -0.004880 -0.018647 0.905762 -0.423347
1768045662.818922758 -1.184633 -0.326829 -0.011200 -0.004930 -0.018745 0.907507 -0.419589
1768045662.918890953 -1.185708 -0.325016 -0.011055 -0.004623 -0.018674 0.909377 -0.415527
1768045663.018871546 -1.193029 -0.311712 -0.010321 -0.003936 -0.018635 0.910769 -0.412476
1768045663.118873119 -1.207278 -0.311048 -0.009921 -0.003992 -0.018772 0.912580 -0.408447
1768045663.218874931 -1.209749 -0.308121 -0.010719 -0.003870 -0.018878 0.913771 -0.405773
1768045663.318852425 -1.212919 -0.308399 -0.009746 -0.004123 -0.018687 0.914532 -0.404060
1768045663.419004202 -1.212468 -0.310974 -0.010494 -0.003979 -0.018750 0.915016 -0.402961
1768045663.518923044 -1.215224 -0.311307 -0.009928 -0.003925 -0.018725 0.915246 -0.402440
1768045663.618877172 -1.216018 -0.311355 -0.010934 -0.003863 -0.018812 0.915283 -0.402354
1768045663.718933105 -1.219948 -0.311187 -0.011193 -0.003929 -0.018905 0.915441 -0.401989
1768045663.818901777 -1.222114 -0.312484 -0.010893 -0.004041 -0.018843 0.915571 -0.401695
1768045663.919123650 -1.223067 -0.313130 -0.010552 -0.004038 -0.018801 0.915671 -0.401468
1768045664.018896818 -1.225078 -0.313179 -0.010033 -0.004022 -0.018753 0.915765 -0.401256
1768045664.118983269 -1.225570 -0.314518 -0.009629 -0.004070 -0.018662 0.915843 -0.401083
1768045664.218951941 -1.225108 -0.315263 -0.010164 -0.004127 -0.018711 0.915885 -0.400983
1768045664.318889141 -1.225344 -0.314705 -0.009382 -0.004088 -0.018621 0.915893 -0.400969
1768045664.418890953 -1.225042 -0.312932 -0.009910 -0.004038 -0.018686 0.915889 -0.400976
1768045664.518887281 -1.227455 -0.315332 -0.009024 -0.004126 -0.018604 0.916076 -0.400552
1768045664.618931532 -1.228866 -0.315119 -0.010180 -0.003993 -0.018723 0.916148 -0.400383
1768045664.718954086 -1.229530 -0.320189 -0.009354 -0.003913 -0.018592 0.916347 -0.399934
1768045664.818936348 -1.236283 -0.322323 -0.009710 -0.003955 -0.018687 0.916691 -0.399141
1768045664.918921709 -1.238882 -0.324824 -0.011256 -0.004045 -0.018885 0.916850 -0.398764
1768045665.020295143 -1.239554 -0.326564 -0.009117 -0.003943 -0.018599 0.916954 -0.398539
1768045665.120185375 -1.243455 -0.328872 -0.009337 -0.003881 -0.018609 0.917212 -0.397945
1768045665.218850374 -1.243920 -0.331383 -0.007677 -0.004188 -0.018439 0.917316 -0.397710
1768045665.319084883 -1.245612 -0.331507 -0.008609 -0.003877 -0.018532 0.917439 -0.397425
1768045665.418925285 -1.245742 -0.332857 -0.007658 -0.004116 -0.018440 0.917522 -0.397235
1768045665.519096851 -1.241240 -0.330227 -0.007531 -0.003846 -0.018133 0.916687 -0.399175
1768045665.619071484 -1.240400 -0.332519 -0.005872 -0.004254 -0.016990 0.915883 -0.401062
1768045665.719053984 -1.241179 -0.333323 -0.007899 0.001329 -0.018584 0.915771 -0.401268
1768045665.818899155 -1.247503 -0.343414 -0.002351 0.001336 -0.019355 0.916784 -0.398912
1768045665.918995619 -1.247331 -0.351023 -0.000113 -0.000429 -0.014936 0.917936 -0.396448
1768045666.019117594 -1.246150 -0.352870 -0.009784 0.004247 -0.012415 0.917876 -0.396650
1768045666.119069099 -1.243143 -0.352722 -0.013521 0.006242 -0.011652 0.916906 -0.398884
1768045666.218992233 -1.239858 -0.356614 -0.014191 0.006110 -0.011964 0.915132 -0.402930
1768045666.318936586 -1.236693 -0.360474 -0.013864 0.005396 -0.012234 0.912928 -0.407903
1768045666.418908358 -1.239230 -0.365706 -0.013546 0.005035 -0.012324 0.911984 -0.410010
1768045666.518918991 -1.236460 -0.365595 -0.012762 0.004508 -0.012794 0.911649 -0.410747
1768045666.619323730 -1.235877 -0.366992 -0.012673 0.003698 -0.013222 0.911640 -0.410761
1768045666.720341682 -1.237800 -0.367494 -0.009867 0.001534 -0.013053 0.911578 -0.410917
1768045666.818945885 -1.238906 -0.362814 -0.011446 0.000455 -0.013267 0.910996 -0.412201
1768045666.919014215 -1.238473 -0.365545 -0.010625 -0.000959 -0.013395 0.910403 -0.413505
1768045667.022210598 -1.235629 -0.360166 -0.013360 -0.002304 -0.013901 0.909519 -0.415424
1768045667.119103193 -1.231429 -0.357033 -0.014060 -0.003622 -0.014440 0.908585 -0.417434
1768045667.219002962 -1.226073 -0.354541 -0.017268 -0.003302 -0.014342 0.907510 -0.419772
1768045667.319083691 -1.217827 -0.352336 -0.016730 -0.006210 -0.016969 0.906231 -0.422397
1768045667.419052601 -1.215378 -0.350753 -0.019865 -0.002747 -0.024471 0.904620 -0.425506
1768045667.518908978 -1.213442 -0.356677 -0.011249 -0.003646 -0.024964 0.904567 -0.425583
1768045667.618922949 -1.211356 -0.357504 -0.011014 -0.004095 -0.025126 0.904823 -0.425026
1768045667.719051123 -1.210236 -0.355020 -0.013193 -0.003910 -0.025373 0.904842 -0.424972
1768045667.819074631 -1.209013 -0.355460 -0.012264 -0.003830 -0.025274 0.904818 -0.425031
1768045667.918990135 -1.202407 -0.349776 -0.013010 -0.003674 -0.025405 0.904109 -0.426529
1768045668.018962383 -1.201529 -0.352312 -0.010481 -0.003723 -0.025181 0.903388 -0.428069
1768045668.119065523 -1.201330 -0.352942 -0.010722 -0.002994 -0.025087 0.903734 -0.427348
1768045671.178675652 -1.201095 -0.352054 -0.009417 -0.002789 -0.024844 0.904170 -0.426442
1768045671.211706400 -1.200065 -0.352262 -0.010932 -0.002342 -0.024906 0.904185 -0.426407
1768045671.245862484 -1.200725 -0.351538 -0.010764 -0.002333 -0.024882 0.904186 -0.426408
1768045671.278464556 -1.200793 -0.351681 -0.010880 -0.002337 -0.024904 0.904197 -0.426383
1768045671.311763525 -1.200906 -0.351307 -0.010092 -0.002390 -0.024818 0.904177 -0.426431
1768045671.345072031 -1.202049 -0.351099 -0.011796 -0.002427 -0.025034 0.904200 -0.426367
1768045671.378464460 -1.201525 -0.351852 -0.010837 -0.002410 -0.024906 0.904204 -0.426368
1768045671.411763430 -1.202113 -0.352687 -0.011165 -0.002481 -0.024959 0.904244 -0.426278
1768045671.445112228 -1.201855 -0.352704 -0.010821 -0.002495 -0.024911 0.904234 -0.426303
1768045671.478479147 -1.201336 -0.352990 -0.010294 -0.002490 -0.024856 0.904226 -0.426322
1768045671.511806965 -1.202101 -0.353082 -0.011395 -0.002453 -0.024974 0.904256 -0.426253
1768045671.545115948 -1.200981 -0.353819 -0.009916 -0.002428 -0.024793 0.904246 -0.426285
1768045671.578435659 -1.201279 -0.353477 -0.009672 -0.002434 -0.024759 0.904238 -0.426304
1768045671.611733913 -1.201057 -0.353101 -0.009856 -0.002429 -0.024788 0.904223 -0.426333
1768045671.645104885 -1.202630 -0.355235 -0.007550 -0.002448 -0.024504 0.904345 -0.426091
1768045671.678521872 -1.202312 -0.352313 -0.010589 -0.002414 -0.024878 0.904231 -0.426312
1768045671.711836100 -1.198666 -0.350219 -0.013329 -0.002403 -0.025210 0.903818 -0.427166
1768045671.745308399 -1.200073 -0.338853 -0.007344 0.007271 -0.011639 0.909651 -0.415147
1768045671.778434038 -1.199467 -0.339569 -0.007226 0.007032 -0.011664 0.909631 -0.415193
1768045671.811729908 -1.200665 -0.337027 -0.007617 0.006857 -0.011821 0.909566 -0.415334
1768045671.911744595 -1.198511 -0.336197 -0.011591 0.006943 -0.012199 0.909442 -0.415594
1768045672.011792898 -1.196185 -0.336444 -0.010778 0.006804 -0.012147 0.909255 -0.416006
1768045672.111769438 -1.197123 -0.335520 -0.010203 0.006216 -0.012191 0.909173 -0.416194
1768045672.211794138 -1.199767 -0.339506 -0.009921 0.005675 -0.012314 0.909318 -0.415880
1768045672.311810493 -1.196372 -0.335704 -0.007544 0.004773 -0.012401 0.909028 -0.416523
1768045672.411857367 -1.194976 -0.334549 -0.007599 0.003808 -0.012798 0.908850 -0.416910
1768045672.511814833 -1.195146 -0.333717 -0.008605 0.002686 -0.013448 0.908765 -0.417082
1768045672.611841440 -1.195702 -0.333478 -0.007374 0.001788 -0.013742 0.908816 -0.416967
1768045672.728609324 -1.196159 -0.329646 -0.008354 0.000816 -0.014322 0.908653 -0.417305
1768045672.828587055 -1.196913 -0.330094 -0.009268 0.000156 -0.014820 0.908677 -0.417237
1768045672.911828279 -1.196636 -0.327675 -0.010095 -0.001008 -0.015275 0.908631 -0.417320
1768045673.011784792 -1.199192 -0.327060 -0.010466 -0.001182 -0.015283 0.908962 -0.416597
1768045673.111764431 -1.201000 -0.325173 -0.009776 -0.000792 -0.014948 0.909783 -0.414815
1768045673.212000847 -1.204870 -0.325296 -0.014877 -0.000035 -0.021873 0.911712 -0.410247
1768045673.311748028 -1.199908 -0.318163 -0.012452 -0.002560 -0.023750 0.911690 -0.410184
1768045673.411816120 -1.196943 -0.319525 -0.010478 -0.003461 -0.024246 0.911231 -0.411166
1768045673.511753321 -1.198406 -0.320480 -0.011300 -0.003539 -0.024834 0.910478 -0.412797
1768045673.611877203 -1.200468 -0.321419 -0.011644 -0.003179 -0.025288 0.910263 -0.413244
1768045673.711805344 -1.200023 -0.319105 -0.010421 -0.003501 -0.025193 0.909937 -0.413965
1768045673.811791897 -1.202328 -0.320550 -0.010696 -0.003478 -0.025228 0.909715 -0.414452
1768045673.928576708 -1.200929 -0.316073 -0.009809 -0.002353 -0.024941 0.909309 -0.415368
1768045674.011793375 -1.199711 -0.315971 -0.009934 -0.002351 -0.024989 0.909025 -0.415984
1768045674.111957788 -1.196460 -0.317581 -0.010854 -0.002025 -0.024988 0.908736 -0.416618
1768045674.211955547 -1.198068 -0.311916 -0.009470 -0.000730 -0.024455 0.908409 -0.417366
1768045674.311997414 -1.200881 -0.310492 -0.009746 0.000875 -0.024102 0.908316 -0.417588
1768045674.411817551 -1.193947 -0.309371 -0.011029 0.000898 -0.024185 0.907843 -0.418611
1768045674.512000322 -1.195464 -0.312487 0.004224 -0.001586 -0.021423 0.907658 -0.419162
1768045674.611955404 -1.190439 -0.308620 -0.008938 -0.000276 -0.014850 0.905425 -0.424246
1768045674.711905718 -1.188217 -0.310432 -0.009532 0.004439 -0.012440 0.903491 -0.428403
1768045674.811842442 -1.189274 -0.311156 -0.011161 0.004908 -0.012295 0.902438 -0.430616
1768045674.911800861 -1.190857 -0.309491 -0.012085 0.005143 -0.012302 0.902344 -0.430810
1768045675.011971235 -1.192593 -0.309062 -0.010336 0.004759 -0.012285 0.902721 -0.430025
1768045675.128525972 -1.188958 -0.305656 -0.011483 0.004470 -0.012690 0.902872 -0.429699
1768045675.211768389 -1.189698 -0.307150 -0.009460 0.003946 -0.012567 0.903350 -0.428702
1768045675.311899424 -1.186622 -0.302935 -0.009109 0.003386 -0.012936 0.903700 -0.427957
1768045675.411862373 -1.185863 -0.299241 -0.011882 0.002738 -0.013636 0.904100 -0.427095
1768045675.512127161 -1.181159 -0.290996 -0.011205 0.002581 -0.013697 0.904084 -0.427127
1768045675.611877441 -1.175441 -0.286433 -0.010079 0.001496 -0.014101 0.904108 -0.427069
1768045675.712014914 -1.163063 -0.275329 -0.011036 0.000606 -0.014574 0.903441 -0.428463
1768045675.812016010 -1.147573 -0.263719 -0.011050 0.000394 -0.014630 0.902468 -0.430508
1768045675.911882639 -1.140334 -0.256823 -0.012512 0.003246 -0.019350 0.900501 -0.434410
1768045676.012776136 -1.134582 -0.253960 -0.011531 -0.002261 -0.021774 0.899532 -0.436306
1768045676.128503323 -1.134352 -0.250070 -0.011211 -0.003854 -0.022606 0.899055 -0.437236
1768045676.228566170 -1.130952 -0.248081 -0.011729 -0.004013 -0.022925 0.897880 -0.439625
1768045676.311855555 -1.133734 -0.245785 -0.014652 -0.003676 -0.023673 0.897087 -0.441204
1768045676.411822557 -1.137358 -0.247413 -0.013308 -0.004407 -0.024277 0.896639 -0.442075
1768045676.511885405 -1.133203 -0.243818 -0.011767 -0.003733 -0.024424 0.895883 -0.443602
1768045676.611916542 -1.130366 -0.242416 -0.013440 -0.003698 -0.025020 0.895635 -0.444071
1768045676.712010384 -1.135802 -0.240415 -0.008537 -0.002924 -0.026079 0.896921 -0.441411
1768045676.811823130 -1.121481 -0.226632 -0.010860 -0.002699 -0.026254 0.897790 -0.439631
1768045676.911958456 -1.122369 -0.221204 -0.011038 -0.001949 -0.025274 0.896590 -0.442136
1768045677.011858940 -1.117901 -0.217811 -0.009087 -0.001203 -0.024835 0.895503 -0.444361
1768045677.111940145 -1.115869 -0.211617 -0.008521 -0.000034 -0.024382 0.894691 -0.446020
1768045677.211930990 -1.118239 -0.208280 -0.010034 0.001140 -0.024255 0.894450 -0.446509
1768045677.311916113 -1.114199 -0.206829 -0.006459 -0.000170 -0.024180 0.893983 -0.447449
1768045677.428517818 -1.110349 -0.199672 -0.011109 -0.001482 -0.016857 0.892115 -0.451492
1768045677.528569937 -1.112960 -0.198431 -0.013462 0.002778 -0.013267 0.890234 -0.455303
1768045677.613116980 -1.118446 -0.198334 -0.014275 0.004138 -0.012572 0.890070 -0.455631
1768045677.712029934 -1.117390 -0.196563 -0.017163 0.004329 -0.012847 0.890201 -0.455366
1768045677.811871052 -1.116572 -0.194852 -0.012405 0.004099 -0.012230 0.891143 -0.453538
1768045677.911878586 -1.116407 -0.190910 -0.015439 0.004117 -0.012878 0.892672 -0.450505
1768045678.011844158 -1.114718 -0.189808 -0.013104 0.003877 -0.012969 0.894484 -0.446895
1768045678.111890316 -1.114766 -0.189041 -0.013953 0.003512 -0.013446 0.896555 -0.442715
1768045678.211948872 -1.108568 -0.182850 -0.014594 0.003278 -0.013911 0.897935 -0.439896
1768045678.311915636 -1.110306 -0.182388 -0.011381 0.002348 -0.014040 0.898771 -0.438187
1768045678.411978960 -1.106888 -0.174795 -0.014648 0.002058 -0.014851 0.899227 -0.437226
1768045678.528575420 -1.102133 -0.174808 -0.008254 0.001121 -0.014499 0.900075 -0.435492
1768045678.628597021 -1.099380 -0.168328 -0.010825 0.000432 -0.014838 0.900457 -0.434692
1768045678.711918116 -1.096070 -0.162026 -0.012966 0.002522 -0.016699 0.899612 -0.436363
1768045678.811979532 -1.093505 -0.165004 -0.012611 0.000003 -0.020845 0.898788 -0.437887
1768045678.911907434 -1.093581 -0.163418 -0.013170 -0.003890 -0.021996 0.898816 -0.437757
1768045679.011928082 -1.094833 -0.156380 -0.013977 -0.004165 -0.022389 0.898084 -0.439234
1768045679.111917496 -1.092038 -0.155616 -0.010154 -0.004271 -0.021468 0.896673 -0.442153
1768045679.211846590 -1.088948 -0.152253 -0.010410 -0.004942 -0.021249 0.894824 -0.445885
1768045679.311967850 -1.090342 -0.150289 -0.007556 -0.004129 -0.020927 0.893396 -0.448764
1768045679.411971092 -1.089988 -0.146789 -0.009974 -0.003954 -0.021632 0.892637 -0.450240
1768045679.512013674 -1.087198 -0.143657 -0.005936 -0.003809 -0.021534 0.891990 -0.451526
1768045679.612024546 -1.086533 -0.140375 -0.006577 -0.003119 -0.021936 0.891427 -0.452623
1768045679.711864233 -1.085570 -0.136200 -0.005225 -0.002382 -0.021961 0.890838 -0.453784
1768045679.828542233 -1.081082 -0.128594 -0.003624 -0.001819 -0.021913 0.890120 -0.455195
1768045679.913034439 -1.080418 -0.125213 -0.002670 -0.000662 -0.021715 0.889794 -0.455845
1768045680.013720989 -1.079059 -0.120668 -0.002657 0.000951 -0.021452 0.889296 -0.456828
1768045680.112489939 -1.076580 -0.116322 -0.005029 -0.000063 -0.022355 0.888904 -0.457547
1768045680.211901665 -1.075710 -0.116883 -0.001863 -0.001920 -0.019319 0.888698 -0.458082
1768045680.311902523 -1.074027 -0.112698 -0.007521 0.001646 -0.013218 0.886597 -0.462350
1768045680.411899805 -1.075602 -0.109533 -0.005812 0.004595 -0.011247 0.885426 -0.464622
1768045680.511993408 -1.074358 -0.100969 -0.006816 0.004819 -0.011027 0.884983 -0.465468
1768045680.611956120 -1.072633 -0.099278 -0.007696 0.004571 -0.011114 0.885505 -0.464474
1768045680.711991549 -1.073073 -0.089833 -0.009311 0.004296 -0.011503 0.886203 -0.463134
1768045680.811984062 -1.072512 -0.086590 -0.008761 0.003541 -0.011772 0.887164 -0.461291
1768045680.928630829 -1.068383 -0.078428 -0.009332 0.003333 -0.012319 0.888146 -0.459384
1768045681.028667450 -1.066229 -0.069024 -0.008747 0.002402 -0.012900 0.889306 -0.457125
1768045681.111954212 -1.057287 -0.056519 -0.007712 0.001573 -0.013300 0.889849 -0.456058
1768045681.211940527 -1.058671 -0.056249 -0.007610 0.000795 -0.013724 0.891436 -0.452939
1768045681.312061787 -1.054205 -0.049104 -0.006596 0.000157 -0.014195 0.892536 -0.450752
1768045681.411961555 -1.046338 -0.039137 -0.004287 -0.000910 -0.014523 0.893556 -0.448716
1768045681.511946201 -1.044833 -0.032252 -0.003836 0.000204 -0.014209 0.894813 -0.446216
1768045681.613467216 -1.036973 -0.022344 -0.001195 0.002805 -0.018437 0.894801 -0.446076
1768045681.711986542 -1.033439 -0.015633 -0.000156 -0.001326 -0.022089 0.896553 -0.442382
1768045681.811924934 -1.035640 -0.006250 -0.008065 -0.003519 -0.024249 0.897581 -0.440169
1768045681.911979914 -1.037629 -0.003395 -0.013896 -0.003787 -0.025285 0.897425 -0.440426
1768045682.012026072 -1.033802 0.003840 -0.007603 -0.004212 -0.024838 0.897599 -0.440092
1768045682.111971378 -1.033795 0.009045 -0.007849 -0.004307 -0.024666 0.898920 -0.437397
1768045682.211987495 -1.034427 0.009490 -0.005602 -0.004665 -0.024320 0.899178 -0.436882
1768045682.328649521 -1.032926 0.015685 -0.008213 -0.004253 -0.024743 0.898496 -0.438263
1768045682.412012815 -1.034057 0.019212 -0.005059 -0.003188 -0.024119 0.898002 -0.439317
1768045682.511987925 -1.033308 0.022019 -0.001895 -0.003639 -0.023685 0.897353 -0.440662
1768045682.612011671 -1.032092 0.029113 -0.005063 -0.003156 -0.023725 0.896623 -0.442148
1768045682.712000370 -1.026967 0.037004 -0.003172 -0.001524 -0.022776 0.895637 -0.444200
1768045682.812030792 -1.026131 0.039253 -0.002997 -0.000616 -0.022250 0.895068 -0.445375
1768045682.912166834 -1.027861 0.047467 -0.001508 -0.000681 -0.021980 0.894502 -0.446524
1768045683.012045383 -1.025595 0.054694 -0.011805 -0.002009 -0.021917 0.893899 -0.447728
1768045683.112001896 -1.024096 0.055647 -0.009711 0.004211 -0.015620 0.892172 -0.451406
1768045683.211976528 -1.024029 0.064080 -0.005317 0.007675 -0.013720 0.894578 -0.446636
1768045683.311973810 -1.020500 0.076021 -0.005435 0.008069 -0.013360 0.895645 -0.444495
1768045683.412040710 -1.024080 0.073420 -0.004182 0.008324 -0.012936 0.897091 -0.441579
1768045683.512054682 -1.022933 0.085081 -0.005443 0.008123 -0.013415 0.897774 -0.440177
1768045683.630506039 -1.023110 0.092634 -0.005281 0.007678 -0.013694 0.898985 -0.437698
1768045683.712009192 -1.022833 0.094964 -0.002462 0.007159 -0.013611 0.900039 -0.435537
1768045683.812094927 -1.025917 0.100240 -0.004132 0.006730 -0.014093 0.901053 -0.433427
1768045683.912169695 -1.017119 0.115590 -0.004180 0.005733 -0.014498 0.901097 -0.433337
1768045684.011963129 -1.015843 0.125012 -0.006120 0.005540 -0.014991 0.901526 -0.432430
1768045684.112041712 -1.008971 0.133408 -0.003414 0.004009 -0.015264 0.901835 -0.431792
1768045684.212012768 -1.007885 0.135169 -0.001754 0.003391 -0.015397 0.902548 -0.430301
1768045684.311987162 -1.001116 0.144580 -0.008255 0.004061 -0.016407 0.902638 -0.430068
1768045684.412002563 -1.003356 0.149726 -0.003467 0.003883 -0.017908 0.901743 -0.431883
1768045684.512049437 -0.998125 0.151233 -0.004804 0.002983 -0.022407 0.901588 -0.432004
1768045684.612185955 -0.996805 0.157303 -0.004931 0.001034 -0.022798 0.901534 -0.432106
1768045684.712059021 -1.001071 0.152877 -0.001348 0.000369 -0.022473 0.901298 -0.432616
1768045684.828817368 -0.996573 0.160638 -0.002614 0.000694 -0.023019 0.899273 -0.436781
1768045684.911998034 -0.999711 0.162423 -0.002814 0.000403 -0.023371 0.898332 -0.438694
1768045685.012001991 -0.998992 0.165652 -0.003317 0.000603 -0.023523 0.897370 -0.440651
1768045685.112071753 -0.996769 0.169667 -0.001477 0.000802 -0.023563 0.896315 -0.442791
1768045685.212007999 -1.000954 0.171729 -0.003094 0.001476 -0.023967 0.895598 -0.444215
1768045685.312030315 -0.993696 0.183945 -0.001190 0.001202 -0.023999 0.894040 -0.447342
1768045685.412035227 -0.995369 0.182315 0.000323 0.002296 -0.023848 0.893309 -0.448804
1768045685.512054205 -0.994224 0.190047 0.003838 0.003093 -0.023385 0.892234 -0.450956
1768045685.611999035 -0.995271 0.189902 0.002536 0.004114 -0.023272 0.891518 -0.452368
1768045685.711998940 -0.999644 0.183261 0.012171 0.004770 -0.021922 0.891364 -0.452732
1768045685.812074661 -0.994996 0.193431 0.004468 0.004077 -0.023149 0.890187 -0.454989
1768045685.912026405 -0.999390 0.190173 -0.000802 0.003323 -0.018310 0.889239 -0.457065
1768045686.030657530 -0.996332 0.202312 0.001088 0.007359 -0.015950 0.886745 -0.461925
1768045686.129569292 -0.990590 0.213342 0.000021 0.008674 -0.015219 0.885488 -0.464332
1768045686.228688240 -0.992667 0.207419 0.002694 0.008292 -0.014727 0.885848 -0.463667
1768045686.312056303 -0.986274 0.220002 0.001939 0.007811 -0.015067 0.885461 -0.464404
1768045686.412045479 -0.984890 0.222326 0.001156 0.007578 -0.015164 0.886331 -0.462742
1768045686.512270927 -0.983887 0.224242 0.002165 0.007199 -0.015088 0.887449 -0.460603
1768045686.612295866 -0.977124 0.232239 0.001019 0.006337 -0.015721 0.888145 -0.459250
1768045686.712049246 -0.979550 0.238519 -0.004427 0.006069 -0.016602 0.889313 -0.456957
1768045686.812098742 -0.975013 0.247338 -0.002076 0.005215 -0.016672 0.890041 -0.455546
1768045686.912049294 -0.971617 0.253401 0.002425 0.004322 -0.016501 0.890781 -0.454113
1768045687.012090921 -0.966240 0.265607 0.003813 0.003862 -0.016616 0.891302 -0.453089
1768045687.112139702 -0.961387 0.273690 -0.002212 0.003571 -0.017616 0.891958 -0.451761
1768045687.212153435 -0.960706 0.270550 0.004322 0.003358 -0.016796 0.893121 -0.449490
1768045687.328715324 -0.952380 0.284170 0.000836 0.003992 -0.021695 0.893879 -0.447765
1768045687.412086010 -0.951295 0.286124 -0.001391 0.002826 -0.022790 0.894147 -0.447184
1768045687.512089968 -0.946460 0.297054 -0.001302 0.001856 -0.023391 0.893345 -0.448758
1768045687.612108469 -0.946934 0.295972 0.001937 0.001884 -0.022745 0.892939 -0.449600
1768045687.712087393 -0.948236 0.298704 -0.004345 0.001936 -0.023331 0.892334 -0.450769
1768045687.812136412 -0.943172 0.298425 0.005734 0.001696 -0.021682 0.891955 -0.451600
1768045687.912077665 -0.944075 0.304329 -0.000535 0.001970 -0.022932 0.891826 -0.451793
1768045688.012042046 -0.939555 0.315831 0.002676 0.002724 -0.022496 0.890893 -0.453648
1768045688.112066746 -0.934750 0.320331 0.000990 0.003131 -0.022715 0.890065 -0.455257
1768045688.212071896 -0.932000 0.326928 0.004955 0.003649 -0.022065 0.889142 -0.457085
1768045688.312110662 -0.932676 0.327044 0.004770 0.004144 -0.022083 0.888708 -0.457923
1768045688.412213564 -0.930680 0.327649 0.010423 0.005420 -0.020866 0.888110 -0.459126
1768045688.528748512 -0.924583 0.344721 0.007496 0.006779 -0.021040 0.886690 -0.461835
1768045688.612064600 -0.926819 0.347952 0.005314 0.005697 -0.021739 0.886305 -0.462556
1768045688.712150574 -0.923557 0.353897 -0.003623 0.005415 -0.020575 0.885667 -0.463834
1768045688.813624382 -0.926243 0.351286 0.004499 0.010557 -0.016883 0.886065 -0.463134
1768045688.912972689 -0.923028 0.353758 0.005403 0.013127 -0.015197 0.886004 -0.463242
1768045689.012140989 -0.922069 0.355273 0.004768 0.013260 -0.014930 0.886057 -0.463146
1768045689.112100124 -0.924659 0.355622 0.007389 0.012802 -0.014750 0.886911 -0.461527
1768045689.212011099 -0.920151 0.364557 0.004384 0.012747 -0.015298 0.887376 -0.460617
1768045689.312108278 -0.916488 0.367053 0.005036 0.011844 -0.015570 0.888235 -0.458973
1768045689.412091494 -0.909417 0.378131 0.001978 0.011329 -0.016177 0.888610 -0.458238
1768045689.513342857 -0.909580 0.379785 0.002214 0.010388 -0.016643 0.889758 -0.456011
1768045689.612687349 -0.906300 0.387174 -0.000908 0.009634 -0.017474 0.890461 -0.454621
1768045689.712202072 -0.892303 0.404757 0.013299 0.007723 -0.016530 0.890377 -0.454859
1768045689.828891277 -0.888349 0.400024 0.003463 0.007686 -0.017574 0.891469 -0.452676
1768045689.929149866 -0.882928 0.405794 0.010231 0.006246 -0.017140 0.891606 -0.452444
1768045690.012092352 -0.880719 0.407591 0.010235 0.006762 -0.016568 0.891497 -0.452673
1768045690.112117052 -0.875718 0.415279 0.008452 0.008454 -0.020822 0.891419 -0.452623
1768045690.212146282 -0.882408 0.413038 0.003818 0.006266 -0.022899 0.892715 -0.449996
1768045690.312088728 -0.868021 0.423102 0.013786 0.004435 -0.022502 0.892244 -0.450970
1768045690.412982464 -0.867018 0.424343 0.009271 0.004493 -0.023236 0.892477 -0.450472
1768045690.512190104 -0.860698 0.432199 0.013179 0.004133 -0.022985 0.892279 -0.450880
1768045690.612120628 -0.859732 0.434476 0.011774 0.004016 -0.022936 0.892469 -0.450508
1768045690.712127686 -0.852037 0.439551 0.013992 0.003757 -0.023009 0.892982 -0.449488
1768045690.812310934 -0.845330 0.447854 0.013514 0.003999 -0.023013 0.893420 -0.448615
1768045690.912076712 -0.843018 0.450862 0.010756 0.004637 -0.023042 0.894167 -0.447116
1768045691.028805971 -0.832164 0.451148 0.018930 0.005135 -0.021598 0.894730 -0.446054
1768045691.128796816 -0.825127 0.460410 0.020835 0.005716 -0.021153 0.894914 -0.445699
1768045691.213823795 -0.823051 0.457856 0.018070 0.006329 -0.021223 0.895500 -0.444511
1768045691.312132359 -0.817232 0.467274 0.027464 0.007369 -0.019574 0.895339 -0.444894
1768045691.412137032 -0.815853 0.467736 0.022523 0.007068 -0.020197 0.895532 -0.444482
1768045691.512185812 -0.811522 0.476949 0.017913 0.006179 -0.020820 0.894819 -0.445900
1768045691.612120628 -0.809236 0.474181 0.022068 0.012958 -0.014134 0.894594 -0.446468
1768045691.712136030 -0.816584 0.467358 0.020076 0.017304 -0.012691 0.894652 -0.446248
1768045691.812222719 -0.809652 0.465580 0.020246 0.018192 -0.011845 0.894384 -0.446773
1768045691.912156820 -0.809645 0.471653 0.016973 0.018280 -0.012399 0.894214 -0.447094
1768045692.012176037 -0.807950 0.473506 0.015397 0.017934 -0.012684 0.895272 -0.444978
1768045692.112157583 -0.807305 0.475239 0.015139 0.017262 -0.013035 0.896211 -0.443101
1768045692.212149858 -0.802341 0.484736 0.014954 0.016982 -0.013233 0.896713 -0.442088
1768045692.329011917 -0.796506 0.490520 0.008931 0.015600 -0.014769 0.897784 -0.439912
1768045692.412247658 -0.791965 0.501713 0.015336 0.015708 -0.013765 0.898082 -0.439331
1768045692.512233973 -0.787588 0.503748 0.010201 0.014523 -0.015216 0.899235 -0.436960
1768045692.612630129 -0.786242 0.512278 0.012867 0.013888 -0.015125 0.899874 -0.435667
1768045692.713678598 -0.784543 0.512733 0.007227 0.013606 -0.016163 0.900849 -0.433617
1768045692.814365149 -0.770967 0.519215 0.009168 0.012969 -0.016163 0.901534 -0.432211
1768045692.913567781 -0.765663 0.528059 0.004441 0.011059 -0.015816 0.901835 -0.431650
1768045693.012183666 -0.761439 0.524040 0.012190 0.007465 -0.016223 0.898766 -0.438065
1768045693.112210512 -0.749924 0.533205 0.013105 0.006443 -0.016891 0.896324 -0.443030
1768045693.212192774 -0.749826 0.528324 0.015535 0.005776 -0.016840 0.895032 -0.445647
1768045693.312168598 -0.748647 0.539432 0.008519 0.005736 -0.018330 0.893797 -0.448060
1768045693.412321329 -0.749833 0.532747 0.011965 0.005401 -0.017930 0.894045 -0.447585
1768045693.528810024 -0.739410 0.531553 0.014219 0.005384 -0.017869 0.893487 -0.448700
1768045693.612548113 -0.729376 0.544006 0.013588 0.005203 -0.018282 0.892723 -0.450205
1768045693.712155104 -0.736553 0.535335 0.014659 0.005539 -0.018378 0.893101 -0.449446
1768045693.812135696 -0.736341 0.533769 0.015142 0.005798 -0.018755 0.891932 -0.451744
1768045693.912249565 -0.734795 0.536044 0.015291 0.006489 -0.018850 0.891573 -0.452438
1768045694.012176991 -0.733412 0.536660 0.016057 0.007215 -0.018690 0.891609 -0.452363
1768045694.112195492 -0.732823 0.540084 0.017404 0.008111 -0.018460 0.891707 -0.452164
1768045694.212234735 -0.729765 0.543738 0.018539 0.009607 -0.017957 0.891622 -0.452323
1768045694.312220335 -0.727802 0.545595 0.017484 0.008067 -0.018600 0.891599 -0.452372
1768045694.412251234 -0.724223 0.548501 0.017720 0.012616 -0.014550 0.891650 -0.452315
1768045694.512199402 -0.721888 0.551299 0.021968 0.018010 -0.012040 0.892185 -0.451151
1768045694.612183094 -0.718146 0.558848 0.021804 0.018868 -0.011528 0.892298 -0.450905
1768045694.712210655 -0.713853 0.565301 0.019643 0.019265 -0.011685 0.892304 -0.450872
1768045694.812203407 -0.702601 0.580651 0.019880 0.018969 -0.011827 0.892389 -0.450713
1768045694.928963423 -0.694649 0.595904 0.014789 0.018375 -0.013038 0.893194 -0.449106
1768045695.012291670 -0.694316 0.600611 0.014817 0.017981 -0.013228 0.894624 -0.446261
1768045695.112344980 -0.688371 0.612013 0.015585 0.017229 -0.013559 0.895753 -0.444011
1768045695.212220192 -0.685706 0.619743 0.016956 0.016555 -0.013951 0.897218 -0.441057
1768045695.312155485 -0.684592 0.625444 0.012667 0.016293 -0.014918 0.898280 -0.438869
1768045695.412158012 -0.678907 0.631413 0.014948 0.015085 -0.014402 0.897907 -0.439691
1768045695.512467384 -0.673472 0.634810 0.013320 0.014359 -0.014717 0.897347 -0.440846
1768045695.612200737 -0.665649 0.640421 0.017930 0.013528 -0.014635 0.897438 -0.440691
1768045695.712314606 -0.663263 0.643824 0.014186 0.014025 -0.014211 0.897907 -0.439733
1768045695.812186718 -0.658824 0.644643 0.014977 0.009864 -0.014848 0.898186 -0.439255
1768045695.912198067 -0.655466 0.653378 0.012476 0.008092 -0.016293 0.898030 -0.439558
1768045696.012244701 -0.654507 0.654798 0.013106 0.007446 -0.016762 0.898003 -0.439607
1768045696.112231255 -0.651364 0.659687 0.010087 0.007418 -0.017458 0.897632 -0.440338
1768045696.228921413 -0.646855 0.664849 0.012672 0.007385 -0.017074 0.897366 -0.440896
1768045696.328942060 -0.644696 0.669759 0.013638 0.007706 -0.016646 0.897157 -0.441331
1768045696.412245274 -0.641013 0.675640 0.012554 0.007558 -0.016990 0.896809 -0.442027
1768045696.512302876 -0.632477 0.679859 0.018411 0.007929 -0.016174 0.896466 -0.442746
1768045696.612420321 -0.633124 0.681454 0.016210 0.007952 -0.016116 0.896875 -0.441919
1768045696.712249756 -0.628203 0.691605 0.013777 0.008719 -0.016624 0.897127 -0.441374
1768045696.812309504 -0.622353 0.695560 0.018535 0.009441 -0.015719 0.897031 -0.441587
1768045696.912246466 -0.618245 0.700515 0.020793 0.010652 -0.015061 0.896896 -0.441857
1768045697.012177706 -0.616262 0.708779 0.023419 0.011727 -0.014429 0.896655 -0.442340
1768045697.112240553 -0.609297 0.713039 0.021658 0.010598 -0.015034 0.896315 -0.443036
1768045697.212209940 -0.609241 0.719115 0.014310 0.011095 -0.014987 0.896177 -0.443305
1768045697.312393427 -0.604920 0.725944 0.017221 0.017168 -0.011665 0.896010 -0.443548
1768045697.412329435 -0.603148 0.724703 0.019826 0.019858 -0.010322 0.896308 -0.442866
1768045697.528910398 -0.599256 0.735110 0.017221 0.020570 -0.010342 0.896612 -0.442218
1768045697.612289906 -0.596423 0.738875 0.021363 0.020148 -0.010252 0.897689 -0.440049
1768045697.712375641 -0.595134 0.743161 0.018372 0.019960 -0.011185 0.899190 -0.436959
1768045697.812248945 -0.594291 0.755954 0.015109 0.019697 -0.012225 0.900314 -0.434624
1768045697.912307978 -0.593510 0.758385 0.016852 0.019030 -0.012661 0.901954 -0.431227
1768045698.012261391 -0.588644 0.769400 0.017651 0.018365 -0.013595 0.903081 -0.428862
1768045698.112236261 -0.586553 0.778475 0.017878 0.017630 -0.014282 0.904517 -0.425833
1768045698.212303638 -0.584377 0.783415 0.020391 0.017104 -0.013958 0.906183 -0.422308
1768045698.312281370 -0.580327 0.799654 0.011529 0.016509 -0.015964 0.907217 -0.420036
1768045698.414207697 -0.576866 0.803140 0.015411 0.015630 -0.016069 0.908824 -0.416577
1768045698.528996944 -0.564399 0.825011 0.011866 0.016975 -0.015028 0.909904 -0.414198
1768045698.628955841 -0.569345 0.827642 0.012610 0.013361 -0.010895 0.912274 -0.409218
1768045698.712234020 -0.567328 0.830118 0.019041 0.011136 -0.011101 0.912461 -0.408861
1768045698.812236309 -0.569209 0.829520 0.018213 0.010163 -0.011600 0.912524 -0.408731
1768045698.912346125 -0.564747 0.838219 0.024390 0.009655 -0.011193 0.911825 -0.410313
1768045699.012365818 -0.562226 0.845935 0.018144 0.009655 -0.012323 0.911166 -0.411743
1768045699.112324953 -0.561729 0.844436 0.020349 0.009273 -0.012279 0.910205 -0.413872
1768045699.212316513 -0.557990 0.844095 0.016114 0.009492 -0.013067 0.909155 -0.416145
1768045699.312296629 -0.554709 0.842894 0.019944 0.010022 -0.012721 0.908290 -0.418028
1768045699.412365198 -0.552575 0.839413 0.023816 0.009978 -0.012078 0.908188 -0.418269
1768045699.512305975 -0.542377 0.854451 0.021890 0.010930 -0.012474 0.906679 -0.421496
1768045699.612345934 -0.534874 0.865970 0.021125 0.011657 -0.012562 0.906101 -0.422715
1768045699.712538719 -0.529650 0.880240 0.019193 0.012579 -0.012917 0.905399 -0.424179
1768045699.812348843 -0.527661 0.881820 0.019218 0.013517 -0.012645 0.905345 -0.424272
1768045699.928956270 -0.521716 0.889241 0.018375 0.013383 -0.012941 0.905044 -0.424910
1768045700.014954329 -0.518851 0.889826 0.013279 0.012518 -0.013580 0.904771 -0.425498
1768045700.113060713 -0.513199 0.898483 0.018888 0.018165 -0.013380 0.906108 -0.422444
1768045700.212397575 -0.509587 0.906039 0.017158 0.022579 -0.013343 0.908261 -0.417581
1768045700.312386513 -0.507207 0.915627 0.013868 0.023309 -0.013289 0.909001 -0.415930
1768045700.412341833 -0.502357 0.916947 0.015033 0.023420 -0.012755 0.909327 -0.415227
1768045700.512294054 -0.497623 0.925923 0.015020 0.022687 -0.013064 0.909457 -0.414973
1768045700.612315655 -0.492903 0.932504 0.017253 0.022668 -0.012778 0.909957 -0.413885
1768045700.712360144 -0.482247 0.940405 0.019930 0.022211 -0.012384 0.910229 -0.413324
1768045700.812380791 -0.481024 0.939431 0.020879 0.021627 -0.012347 0.911115 -0.411400
1768045700.912314653 -0.472383 0.951052 0.020300 0.021226 -0.012548 0.911338 -0.410921
1768045701.012417793 -0.463177 0.962806 0.023775 0.020295 -0.012474 0.911589 -0.410411
1768045701.112346649 -0.455028 0.972133 0.020270 0.019553 -0.013433 0.911994 -0.409517
1768045701.229122639 -0.443161 0.986610 0.021850 0.018376 -0.013295 0.911992 -0.409581
1768045701.312451363 -0.434928 0.999002 0.020743 0.018657 -0.013001 0.912166 -0.409190
1768045701.412409306 -0.424968 1.011697 0.022171 0.016009 -0.009164 0.911874 -0.410054
1768045701.512376547 -0.419450 1.021873 0.017503 0.013978 -0.007884 0.910090 -0.414100
1768045701.612379074 -0.417855 1.025546 0.019672 0.012844 -0.008160 0.909706 -0.414975
1768045701.712319136 -0.411191 1.031549 0.021184 0.012382 -0.008331 0.908763 -0.417045
1768045701.812326431 -0.409668 1.038111 0.018134 0.012334 -0.009048 0.908061 -0.418559
1768045701.912383556 -0.406589 1.045701 0.016508 0.012135 -0.009354 0.907331 -0.420137
1768045702.012396097 -0.401927 1.050481 0.019001 0.012082 -0.009178 0.906658 -0.421594
1768045702.112349033 -0.398582 1.056331 0.017670 0.012203 -0.009506 0.906020 -0.422953
1768045702.212396383 -0.394559 1.060292 0.019689 0.012385 -0.009405 0.905513 -0.424034
1768045702.312531471 -0.388935 1.067987 0.023854 0.012483 -0.008877 0.904695 -0.425784
1768045702.429040194 -0.384773 1.075801 0.021444 0.013557 -0.009166 0.903929 -0.427368
1768045702.512383938 -0.381139 1.081197 0.021581 0.013915 -0.009271 0.903509 -0.428243
1768045702.612353325 -0.374734 1.086390 0.023826 0.014902 -0.008579 0.902947 -0.429409
1768045702.712398767 -0.369355 1.096203 0.023278 0.016353 -0.008285 0.902204 -0.430919
1768045702.812339783 -0.366231 1.102485 0.022243 0.015234 -0.008904 0.901917 -0.431548
1768045702.912411690 -0.356619 1.109281 0.025352 0.017994 -0.009958 0.901850 -0.431559
1768045703.012381792 -0.360257 1.113632 0.021517 0.023104 -0.010372 0.903054 -0.428779
1768045703.112421989 -0.361341 1.115690 0.023424 0.024432 -0.009587 0.903613 -0.427546
1768045703.212450743 -0.358943 1.120279 0.022284 0.024330 -0.009742 0.903877 -0.426988
1768045703.314198971 -0.358239 1.123880 0.022361 0.024208 -0.009996 0.904420 -0.425839
1768045703.412495375 -0.356919 1.132987 0.021579 0.023830 -0.010450 0.904910 -0.424807
1768045703.529212952 -0.355114 1.138936 0.019318 0.023198 -0.011893 0.906037 -0.422395
1768045703.612395048 -0.353571 1.144543 0.018367 0.022378 -0.011746 0.906804 -0.420795
1768045703.712425947 -0.354560 1.149274 0.017793 0.021736 -0.012030 0.907622 -0.419053
1768045703.812438250 -0.349995 1.160502 0.015069 0.021056 -0.012884 0.907988 -0.418269
1768045703.912401915 -0.346986 1.166440 0.016788 0.020075 -0.013016 0.907844 -0.418625
1768045707.074537277 -0.343652 1.174068 0.015858 0.019367 -0.013520 0.907972 -0.418365
1768045707.109710693 -0.344552 1.174383 0.015305 0.019273 -0.013627 0.907992 -0.418322
1768045707.141202450 -0.343865 1.175476 0.015221 0.019263 -0.013638 0.907923 -0.418473
1768045707.175098896 -0.343879 1.175512 0.014964 0.019252 -0.013676 0.907922 -0.418474
1768045707.207940340 -0.343535 1.175370 0.015201 0.019274 -0.013619 0.907913 -0.418493
1768045707.241231918 -0.343649 1.175246 0.015123 0.019269 -0.013640 0.907930 -0.418456
1768045707.274645090 -0.343831 1.174878 0.015312 0.019241 -0.013633 0.907956 -0.418402
1768045707.307962179 -0.343823 1.174620 0.015346 0.019232 -0.013631 0.907968 -0.418377
1768045707.341265202 -0.343758 1.174219 0.015378 0.019255 -0.013626 0.907982 -0.418345
1768045707.374901056 -0.343874 1.174512 0.014932 0.019215 -0.013720 0.907982 -0.418344
1768045707.408664227 -0.343661 1.174205 0.015246 0.019213 -0.013668 0.907983 -0.418343
1768045707.452439308 -0.343611 1.174350 0.015148 0.019195 -0.013683 0.907980 -0.418349
1768045707.485226154 -0.343748 1.175125 0.014853 0.019288 -0.013703 0.907942 -0.418427
1768045707.519214869 -0.344612 1.174924 0.014756 0.019283 -0.013705 0.907965 -0.418378
1768045707.553263426 -0.343430 1.174619 0.016742 0.019408 -0.013318 0.907930 -0.418459
1768045707.590755939 -0.346201 1.207244 0.011613 0.016153 -0.005311 0.916033 -0.400742
1768045707.622363091 -0.345489 1.207676 0.010471 0.016145 -0.005511 0.916013 -0.400786
1768045707.657014608 -0.359261 1.182654 0.019467 0.016718 -0.004020 0.919422 -0.392896
1768045707.710878372 -0.348829 1.190395 0.022195 0.016582 -0.002758 0.918846 -0.394259
1768045707.807970762 -0.350251 1.192355 0.019532 0.016812 -0.003915 0.920285 -0.390868
1768045707.924634218 -0.350962 1.192731 0.019611 0.016500 -0.004210 0.921818 -0.387250
1768045708.024650574 -0.346529 1.196592 0.018944 0.016318 -0.004488 0.922259 -0.386201
1768045708.124875784 -0.333003 1.207291 0.018153 0.016798 -0.004774 0.921829 -0.387204
1768045708.224627256 -0.322303 1.216592 0.018095 0.016903 -0.004940 0.921359 -0.388313
1768045708.326185226 -0.311991 1.226953 0.018612 0.017835 -0.004824 0.920757 -0.389698
1768045708.424694538 -0.303517 1.237043 0.018956 0.018698 -0.004734 0.920257 -0.390839
1768045708.508030653 -0.297150 1.242540 0.019806 0.019423 -0.004426 0.919993 -0.391428
1768045708.608245134 -0.295750 1.248956 0.020701 0.020205 -0.004213 0.919899 -0.391611
1768045708.710389614 -0.289087 1.257912 0.017565 0.018960 -0.004845 0.919920 -0.391618
1768045708.808972836 -0.284256 1.257864 0.014000 0.019518 -0.003508 0.920202 -0.390942
1768045708.908079147 -0.287395 1.265232 -0.000076 0.024381 -0.012303 0.922081 -0.386031
1768045709.024642229 -0.278197 1.273090 0.019826 0.025619 -0.010690 0.922460 -0.385094
1768045709.124747038 -0.274921 1.280785 0.020213 0.026885 -0.011033 0.922812 -0.384153
1768045709.224627733 -0.271690 1.285642 0.022133 0.026560 -0.011050 0.923878 -0.381604
1768045709.324615240 -0.269787 1.294622 0.018679 0.026142 -0.012048 0.924939 -0.379023
1768045709.424572706 -0.264260 1.304635 0.021363 0.025399 -0.012033 0.925839 -0.376871
1768045709.524654388 -0.262045 1.311375 0.018445 0.024703 -0.012974 0.927056 -0.373883
1768045709.607968330 -0.258861 1.319616 0.018244 0.024046 -0.013540 0.927894 -0.371822
1768045709.707873344 -0.252232 1.331546 0.017029 0.023485 -0.014211 0.928663 -0.369907
1768045709.807932615 -0.248626 1.334429 0.020205 0.022560 -0.014293 0.929918 -0.366796
1768045709.908079624 -0.242583 1.345010 0.018647 0.021850 -0.014948 0.930604 -0.365069
1768045710.008033037 -0.241033 1.348224 0.020907 0.020982 -0.015029 0.931743 -0.362201
1768045710.108046770 -0.235768 1.353627 0.030519 0.019128 -0.009038 0.934308 -0.355839
1768045710.224620342 -0.226530 1.376754 0.024640 0.017034 0.001606 0.934798 -0.354769
1768045710.324603796 -0.226651 1.391139 0.002214 0.015083 -0.001123 0.933973 -0.357023
1768045710.424629688 -0.226901 1.392439 0.005023 0.014965 -0.000928 0.933797 -0.357489
1768045710.524626732 -0.219127 1.404689 0.004332 0.015227 -0.001264 0.932971 -0.359628
1768045710.624924660 -0.215457 1.413539 0.006960 0.015230 -0.001045 0.932531 -0.360768
1768045710.724663496 -0.213784 1.421481 0.005568 0.015750 -0.001326 0.932517 -0.360779
1768045710.824660540 -0.209870 1.425201 0.007180 0.015970 -0.001019 0.932771 -0.360115
1768045710.908035040 -0.205986 1.432675 0.008969 0.016470 -0.000751 0.932781 -0.360065
1768045711.008215904 -0.200361 1.434386 0.009533 0.016550 -0.000475 0.933141 -0.359130
1768045711.107984304 -0.195744 1.436846 0.009740 0.017314 -0.000467 0.933629 -0.357821
1768045711.208103895 -0.187978 1.442521 0.011572 0.018140 -0.000021 0.933723 -0.357536
1768045711.308083296 -0.179611 1.446098 0.014810 0.019428 0.000755 0.933915 -0.356967
1768045711.424743891 -0.171423 1.448881 0.015739 0.020958 0.001260 0.934289 -0.355897
1768045711.524657726 -0.166569 1.455049 0.013887 0.019467 0.000676 0.934537 -0.355333
1768045711.624688387 -0.167393 1.458160 0.007459 0.019994 -0.008629 0.935134 -0.353624
1768045711.724660873 -0.162768 1.450457 0.015890 0.024702 -0.009624 0.936145 -0.350614
1768045711.824764252 -0.157677 1.452827 0.016284 0.026779 -0.008757 0.936577 -0.349328
1768045711.924662352 -0.156314 1.450129 0.016042 0.027263 -0.008566 0.936960 -0.348266
1768045712.024754763 -0.155556 1.446998 0.014368 0.026688 -0.009164 0.937601 -0.346566
1768045712.108011007 -0.151860 1.447802 0.016825 0.026494 -0.008810 0.938070 -0.345319
1768045712.208035231 -0.153925 1.450178 0.015214 0.025838 -0.009489 0.938851 -0.343222
1768045712.308028221 -0.151140 1.451405 0.015970 0.025045 -0.009829 0.939452 -0.341623
1768045712.408044815 -0.143970 1.461070 0.016786 0.024507 -0.009917 0.939406 -0.341785
1768045712.508130074 -0.142818 1.451739 0.021167 0.023312 -0.009523 0.940253 -0.339545
1768045712.608043432 -0.137809 1.456378 0.020003 0.022559 -0.009798 0.940037 -0.340184
1768045712.724650145 -0.130945 1.459817 0.020381 0.021986 -0.010546 0.940362 -0.339300
1768045712.824759483 -0.120962 1.468589 0.019921 0.021415 -0.010807 0.940418 -0.339173
1768045712.924713373 -0.111916 1.478421 0.019374 0.020678 -0.004400 0.942446 -0.333689
1768045713.024696112 -0.092632 1.493813 0.015984 0.018826 0.004683 0.943076 -0.332012
1768045713.124699116 -0.089501 1.506526 0.012841 0.015112 0.004359 0.942915 -0.332661
1768045713.224676371 -0.082611 1.513791 0.013069 0.014477 0.004267 0.942793 -0.333037
1768045713.324695826 -0.075151 1.523331 0.013084 0.014399 0.004059 0.942627 -0.333512
1768045713.408096313 -0.066794 1.532382 0.013122 0.014414 0.004041 0.942330 -0.334349
1768045713.509323120 -0.061067 1.540071 0.014493 0.014632 0.004302 0.942360 -0.334253
1768045713.607969522 -0.054159 1.547623 0.013048 0.014536 0.004011 0.942366 -0.334243
1768045713.708035469 -0.045275 1.555018 0.016126 0.014739 0.004431 0.942383 -0.334182
1768045713.808062315 -0.038801 1.562557 0.014484 0.015546 0.004135 0.942529 -0.333737
1768045713.908032656 -0.030114 1.571485 0.014607 0.015816 0.004005 0.942610 -0.333498
1768045714.024716616 -0.024436 1.577771 0.017635 0.016839 0.004680 0.942921 -0.332557
1768045714.124708414 -0.013161 1.589749 0.015945 0.018067 0.004588 0.942647 -0.333271
1768045714.224746466 -0.009117 1.594128 0.017881 0.019159 0.005049 0.942911 -0.332455
1768045714.324684381 -0.001795 1.601744 0.015303 0.018627 0.004666 0.942940 -0.332408
1768045714.424718380 0.005143 1.605297 0.014299 0.017707 0.004265 0.943157 -0.331848
1768045714.524713039 0.010864 1.612147 0.020873 0.022140 -0.000371 0.943688 -0.330094
1768045714.624723673 0.009908 1.614068 0.013356 0.025206 -0.006028 0.944580 -0.327258
1768045714.724725485 0.014976 1.617867 0.012955 0.025905 -0.005753 0.944541 -0.327321
1768045714.808040857 0.015901 1.619296 0.012733 0.025989 -0.005643 0.944433 -0.327626
1768045714.908017874 0.019154 1.625016 0.011219 0.026048 -0.005963 0.943927 -0.329072
1768045715.008505106 0.024042 1.632288 0.011019 0.025908 -0.006219 0.943456 -0.330426
1768045715.108072996 0.026443 1.635937 0.011767 0.025328 -0.006207 0.943283 -0.330965
1768045715.208075047 0.034008 1.643219 0.013833 0.024566 -0.006247 0.943337 -0.330868
1768045715.308090448 0.044416 1.655702 0.014010 0.024063 -0.006340 0.943113 -0.331539
1768045715.408075333 0.051105 1.660262 0.012044 0.023021 -0.007170 0.943312 -0.331032
1768045715.508134127 0.058558 1.671867 0.011407 0.022819 -0.007352 0.943181 -0.331414
1768045715.624771833 0.066317 1.681797 0.011823 0.021727 -0.007862 0.943400 -0.330850
1768045715.724733114 0.075599 1.694145 0.015517 0.020347 -0.002429 0.945256 -0.325686
1768045715.824738979 0.075953 1.703694 0.004589 0.019394 0.004362 0.947304 -0.319720
1768045715.924844265 0.078051 1.704299 0.002440 0.014393 0.007561 0.947474 -0.319418
1768045716.024843216 0.082620 1.709929 0.007206 0.012899 0.007967 0.946913 -0.321132
1768045716.124873877 0.086338 1.715500 0.007274 0.012502 0.008195 0.946184 -0.323283
1768045716.208059311 0.090339 1.718847 0.006952 0.012312 0.008043 0.945978 -0.323896
1768045716.308134794 0.092177 1.723078 0.007048 0.012209 0.007902 0.945818 -0.324372
1768045716.408091068 0.095094 1.726403 0.007350 0.012398 0.008007 0.945686 -0.324747
1768045716.508087635 0.096089 1.730620 0.007150 0.012358 0.007950 0.945651 -0.324851
1768045716.608132124 0.101384 1.737090 0.006743 0.012632 0.007891 0.945482 -0.325333
1768045716.708042860 0.109027 1.746796 0.005908 0.012978 0.007949 0.945025 -0.326644
1768045716.824967623 0.116925 1.755883 0.007106 0.013437 0.008271 0.944665 -0.327656
1768045716.924792767 0.119734 1.761897 0.005397 0.012782 0.007925 0.944580 -0.327937
1768045717.024717569 0.125361 1.768621 0.003935 0.011683 0.007415 0.944429 -0.328423
1768045717.124711514 0.128279 1.774270 0.001816 0.010392 0.006787 0.944209 -0.329112
1768045717.224752665 0.131182 1.777603 0.003161 0.010642 0.006871 0.943946 -0.329857
1768045717.324860334 0.133394 1.779677 0.007801 0.012472 0.006210 0.943823 -0.330158
1768045717.408114910 0.135058 1.779523 0.011186 0.010498 -0.000004 0.944586 -0.328097
1768045717.509639263 0.136881 1.778749 0.015754 0.009560 -0.003866 0.945287 -0.326077
1768045717.608103991 0.136842 1.777590 0.014707 0.010410 -0.003958 0.944783 -0.327507
1768045717.708130836 0.138544 1.776478 0.013426 0.009731 -0.004726 0.944504 -0.328322
1768045717.808125019 0.139471 1.777487 0.014768 0.009483 -0.004678 0.944333 -0.328821
1768045717.925310373 0.141224 1.776139 0.015800 0.009718 -0.004243 0.944274 -0.328989
1768045718.024819136 0.138685 1.778226 0.013689 0.010161 -0.004293 0.944253 -0.329037
1768045718.124850035 0.140254 1.776851 0.016371 0.010210 -0.003658 0.944197 -0.329204
1768045718.224873781 0.139043 1.777431 0.015399 0.010254 -0.003643 0.944150 -0.329335
1768045718.325185299 0.138621 1.779653 0.014552 0.010594 -0.003465 0.944021 -0.329697
1768045718.424934864 0.139166 1.777760 0.015673 0.010429 -0.003062 0.944033 -0.329673
1768045718.508150816 0.138339 1.777344 0.015277 0.010720 -0.002812 0.944003 -0.329751
1768045718.608105659 0.139998 1.777775 0.015837 0.010974 -0.002432 0.943909 -0.330015
1768045718.708101749 0.140111 1.779308 0.013908 0.011503 -0.002350 0.943743 -0.330471
1768045718.808110237 0.140042 1.778987 0.015151 0.011407 -0.001830 0.943703 -0.330593
1768045718.908108950 0.139618 1.780536 0.015033 0.011834 -0.001408 0.943557 -0.330997
1768045719.008193493 0.140975 1.782637 0.014299 0.012130 -0.001054 0.943395 -0.331449
1768045719.124856472 0.141354 1.783159 0.015330 0.012632 -0.000227 0.943262 -0.331809
1768045719.224852085 0.140089 1.783144 0.015284 0.012872 0.000203 0.943290 -0.331721
1768045719.324759245 0.142583 1.785499 0.015095 0.013236 0.000927 0.943060 -0.332357
1768045719.424816132 0.141051 1.785588 0.015362 0.013773 0.001701 0.943019 -0.332450
1768045719.524825096 0.143133 1.788027 0.017104 0.014398 0.002983 0.942816 -0.332990
1768045719.624865055 0.142034 1.787144 0.015492 0.014942 0.003518 0.942858 -0.332840
1768045719.708239079 0.141325 1.789964 0.015215 0.015617 0.004356 0.942750 -0.333106
1768045719.808178186 0.140338 1.789831 0.015092 0.016266 0.005445 0.942762 -0.333024
1768045719.909916639 0.140291 1.791634 0.013524 0.017291 0.006449 0.942650 -0.333273
1768045720.008112669 0.139431 1.794038 0.013506 0.018238 0.007776 0.942562 -0.333442
1768045720.108227491 0.140122 1.796210 0.013862 0.019139 0.009306 0.942449 -0.333672
1768045720.208251715 0.142844 1.798399 0.014009 0.019451 0.009774 0.942216 -0.334298
1768045720.327366829 0.141513 1.796848 0.013493 0.019304 0.009438 0.942313 -0.334041
1768045720.424723625 0.140846 1.795848 0.014248 0.019204 0.009609 0.942390 -0.333825
1768045720.524743319 0.138581 1.795591 0.011401 0.019626 0.009019 0.942315 -0.334031
1768045720.624880314 0.140494 1.792851 0.014212 0.019608 0.011329 0.941872 -0.335208
1768045720.724879026 0.139079 1.789041 0.015571 0.019032 0.010383 0.941727 -0.335680
1768045720.824926615 0.138829 1.784528 0.016561 0.018636 0.008206 0.942557 -0.333425
1768045720.908172607 0.145525 1.788723 0.017421 0.018112 0.005428 0.944036 -0.329301
1768045721.008202076 0.144114 1.791332 0.011518 0.020344 -0.000082 0.946500 -0.322061
1768045721.108240604 0.146313 1.787329 0.009403 0.022937 -0.002808 0.948895 -0.314745
1768045721.208210468 0.150871 1.789276 0.007271 0.024970 -0.003053 0.949964 -0.311345
1768045721.308194876 0.151707 1.787266 0.007363 0.023603 -0.003712 0.950382 -0.310167
1768045721.408214331 0.152855 1.790973 0.006839 0.023121 -0.003898 0.952208 -0.304548
1768045721.508208036 0.159194 1.795912 0.008310 0.022231 -0.003939 0.953992 -0.298981
1768045721.624863386 0.162096 1.799554 0.009048 0.021642 -0.003873 0.956618 -0.290515
1768045721.724878788 0.163869 1.805285 0.006858 0.020904 -0.004585 0.958785 -0.283325
1768045721.824925661 0.167889 1.809431 0.009664 0.020343 -0.004270 0.960727 -0.276715
1768045721.924842596 0.168346 1.812512 0.007253 0.020659 -0.004547 0.962858 -0.269178
1768045722.024914265 0.174675 1.819877 0.009429 0.020447 -0.004063 0.964687 -0.262572
1768045722.124913216 0.174813 1.821424 0.008726 0.020726 -0.003970 0.966881 -0.254354
1768045722.208246708 0.177208 1.824590 0.006071 0.021094 -0.004258 0.968677 -0.247390
1768045722.308175087 0.181271 1.827530 0.009128 0.020823 -0.003707 0.970647 -0.239578
1768045722.408206701 0.180959 1.829769 0.004900 0.020341 -0.003878 0.972692 -0.231176
1768045722.508207560 0.184325 1.834332 0.007564 0.017645 -0.001258 0.974030 -0.225727
1768045722.608138800 0.187787 1.838889 0.004168 0.013304 0.004167 0.975239 -0.220713
1768045722.708335638 0.192357 1.843884 0.006193 0.013939 0.007511 0.976738 -0.213851
1768045722.824837446 0.198021 1.856289 0.006173 0.013763 0.007646 0.978255 -0.206808
1768045722.924909353 0.200103 1.863186 0.007161 0.014212 0.008183 0.979881 -0.198906
1768045723.024909019 0.200578 1.868296 0.005703 0.013662 0.008123 0.981530 -0.190647
1768045723.124917030 0.202846 1.875107 0.006101 0.013610 0.008423 0.982976 -0.183036
1768045723.225039005 0.202549 1.880391 0.005443 0.013350 0.008527 0.984517 -0.174571
1768045723.308264017 0.203451 1.885751 0.004735 0.013359 0.008605 0.985749 -0.167470
1768045723.409088612 0.201401 1.890280 0.003716 0.013386 0.008687 0.987191 -0.158745
1768045723.508261919 0.206459 1.896694 0.004014 0.013511 0.008958 0.988354 -0.151309
1768045723.608263016 0.209119 1.903054 0.005001 0.013166 0.009363 0.989498 -0.143642
1768045723.708436251 0.211511 1.910044 0.003951 0.013217 0.009343 0.990592 -0.135886
1768045723.824982882 0.213883 1.916386 0.004034 0.013240 0.009529 0.991721 -0.127368
1768045723.924937010 0.219001 1.922519 0.003885 0.013221 0.009652 0.992617 -0.120178
1768045724.025075197 0.220633 1.927291 0.003190 0.013181 0.009655 0.993535 -0.112344
1768045724.124928951 0.220144 1.932199 0.004380 0.013475 0.009839 0.994380 -0.104543
1768045724.224974871 0.216875 1.932505 0.008546 0.017071 0.004812 0.994785 -0.100444
1768045724.324956179 0.218329 1.931519 0.008006 0.013575 -0.003233 0.994966 -0.099242
1768045724.424919367 0.210458 1.929821 0.005047 0.013575 -0.003613 0.995353 -0.095260
1768045724.524984598 0.223970 1.932841 0.005863 0.013474 -0.003293 0.995901 -0.089380
1768045724.608289003 0.224140 1.931547 0.008148 0.013527 -0.002716 0.996463 -0.082892
1768045724.708247900 0.229738 1.933177 0.007780 0.013488 -0.002713 0.997032 -0.075753
1768045724.808206081 0.238408 1.934189 0.010080 0.013856 -0.002325 0.997529 -0.068830
1768045724.908176899 0.240546 1.932997 0.010999 0.013420 -0.002116 0.998047 -0.060970
1768045725.008255720 0.245926 1.934392 0.009770 0.013419 -0.002318 0.998478 -0.053448
1768045725.108256817 0.249359 1.934466 0.008141 0.013560 -0.002485 0.998841 -0.046115
1768045725.208384514 0.256246 1.934806 0.011845 0.013571 -0.001753 0.999128 -0.039442
1768045725.325180531 0.259014 1.936111 0.007193 0.013766 -0.002385 0.999442 -0.030348
1768045725.425202847 0.266905 1.937392 0.004361 0.013722 -0.002767 0.999628 -0.023421
1768045725.525102854 0.263331 1.939106 0.005629 0.013936 -0.002391 0.999792 -0.014678
1768045725.624933720 0.275672 1.937626 -0.000509 0.014115 -0.003350 0.999861 -0.008270
1768045725.724984407 0.276463 1.940612 -0.001064 0.014051 -0.003314 0.999896 0.000279
1768045725.824945688 0.279267 1.941553 0.003651 0.011926 -0.000012 0.999911 0.005898
1768045725.908307552 0.280204 1.942559 0.004345 0.017742 0.011226 0.999741 0.008834
1768045726.008257866 0.277773 1.944495 -0.001411 0.018396 0.009926 0.999717 0.011378
1768045726.108281136 0.279416 1.948857 -0.000573 0.018308 0.010364 0.999583 0.019791
1768045726.208303213 0.284878 1.951721 0.002714 0.017833 0.011263 0.999392 0.027773
1768045726.308284998 0.290441 1.956349 0.000830 0.018129 0.011150 0.999131 0.035823
1768045726.408316851 0.300824 1.958250 0.001417 0.017946 0.011479 0.998855 0.042839
1768045726.508317471 0.301259 1.966077 -0.004256 0.018091 0.010809 0.998474 0.051053
1768045726.624950409 0.316848 1.966675 -0.000788 0.017976 0.011716 0.998030 0.058961
1768045726.724981785 0.319803 1.971949 -0.001406 0.017850 0.011951 0.997504 0.067261
1768045726.824946642 0.324052 1.976425 -0.002157 0.017696 0.012061 0.996920 0.075441
1768045726.924919128 0.330517 1.979414 0.001105 0.017576 0.012837 0.996300 0.083141
1768045727.024954319 0.331701 1.986967 -0.004471 0.017813 0.012141 0.995555 0.091676
1768045727.124989271 0.339394 1.987529 -0.001698 0.017578 0.012746 0.994911 0.098390
1768045727.208311081 0.341764 1.991369 -0.005930 0.017617 0.012214 0.994241 0.104997
1768045727.308290482 0.341364 1.995249 -0.001147 0.017355 0.013099 0.993419 0.112456
1768045727.408299685 0.343255 1.995628 0.000997 0.017279 0.013578 0.992619 0.119263
1768045727.508316278 0.341054 2.002648 0.000546 0.015783 0.012456 0.992076 0.124017
1768045727.608322859 0.336052 2.003855 0.005803 0.014436 0.012200 0.992024 0.124627
1768045727.708290577 0.333608 2.004519 0.002806 0.014559 0.012249 0.991984 0.124926
1768045727.824989557 0.337313 2.003778 0.008367 0.014355 0.013842 0.992018 0.124509
1768045727.924951553 0.336609 2.006647 0.008063 0.014609 0.014372 0.991978 0.124736
1768045728.030638218 0.340599 2.003225 0.003709 0.014891 0.014306 0.992050 0.124135
1768045728.125037193 0.337976 2.005754 0.007245 0.014759 0.015376 0.991964 0.124710
1768045728.225076437 0.336398 2.006030 0.003063 0.015034 0.015358 0.991920 0.125035
1768045728.324965715 0.341398 2.004503 0.007774 0.014851 0.016212 0.991981 0.124462
1768045728.425041199 0.343758 2.003385 0.003360 0.015074 0.015503 0.992026 0.124162
1768045728.508373976 0.343002 2.004342 0.003082 0.015196 0.015441 0.991989 0.124454
1768045728.608496904 0.339126 2.004371 0.008623 0.014732 0.016355 0.991887 0.125200
1768045728.708361626 0.339860 2.006321 0.001237 0.015121 0.015159 0.991907 0.125148
1768045728.808365822 0.337333 2.006470 0.001019 0.015131 0.015110 0.991835 0.125723
1768045728.908343315 0.338066 2.006253 0.002237 0.015118 0.015329 0.991835 0.125699
1768045729.008380651 0.337605 2.005625 0.003183 0.015057 0.015514 0.991814 0.125846
1768045729.108353853 0.337702 2.004880 0.003109 0.014970 0.015493 0.991799 0.125978
1768045729.225034952 0.339893 2.003905 0.004605 0.014970 0.015756 0.991821 0.125773
1768045729.325078487 0.337761 2.004651 0.003828 0.014935 0.015636 0.991769 0.126203
1768045729.425105810 0.339974 2.003819 0.003727 0.014977 0.015632 0.991807 0.125900
1768045729.525053740 0.340120 2.003828 0.002289 0.014994 0.015398 0.991793 0.126037
1768045729.625041962 0.339697 2.003362 0.005496 0.014957 0.015920 0.991758 0.126248
1768045729.725033998 0.341431 2.002691 0.004942 0.014908 0.015811 0.991780 0.126097
1768045729.825052500 0.339735 2.003826 0.003281 0.014940 0.015530 0.991726 0.126551
1768045729.908351183 0.341336 2.003167 0.005247 0.014966 0.015873 0.991744 0.126361
1768045730.008368492 0.340747 2.002979 0.004911 0.014901 0.015846 0.991720 0.126561
1768045730.108381748 0.342173 2.002169 0.002401 0.015159 0.015473 0.991739 0.126429
1768045730.208403111 0.341144 2.002136 0.001542 0.015219 0.015318 0.991710 0.126673
1768045730.308377743 0.338340 2.002060 0.004317 0.015070 0.015756 0.991632 0.127243
1768045730.425074577 0.337852 2.002317 0.002070 0.015138 0.015392 0.991614 0.127419
1768045730.525113106 0.338470 2.001353 0.004188 0.014910 0.015758 0.991609 0.127437
1768045730.625025749 0.339563 2.000544 0.005648 0.014874 0.016029 0.991611 0.127398
1768045730.725090504 0.340999 1.999454 0.004596 0.014994 0.015879 0.991629 0.127257
1768045730.825074673 0.341670 1.999801 0.007040 0.014884 0.016284 0.991623 0.127268
1768045730.925126553 0.340580 1.998845 0.003571 0.015159 0.015745 0.991591 0.127555
1768045731.025185347 0.340130 1.999770 0.005134 0.015085 0.015958 0.991560 0.127775
1768045731.108381033 0.340374 2.000140 0.003403 0.014879 0.015666 0.991556 0.127868
1768045731.208345413 0.340190 1.998586 0.001644 0.014968 0.015416 0.991547 0.127956
1768045731.308470726 0.342429 1.998815 0.000070 0.015094 0.015146 0.991577 0.127743
1768045731.408523321 0.344068 1.998025 0.000511 0.015168 0.015241 0.991601 0.127534
1768045731.508385897 0.341563 1.999496 -0.000316 0.015258 0.015113 0.991533 0.128064
1768045731.608493328 0.340810 1.998172 -0.001316 0.015309 0.014992 0.991506 0.128281
1768045731.708401680 0.338276 1.998997 -0.001061 0.015267 0.014995 0.991434 0.128842
1768045731.825133801 0.335312 1.998985 0.002275 0.015079 0.015562 0.991341 0.129513
1768045731.925111532 0.337578 1.999556 0.000631 0.015003 0.015305 0.991383 0.129229
1768045732.025079966 0.339175 2.000171 -0.000419 0.015024 0.015132 0.991402 0.129105
1768045732.125046253 0.338210 2.000330 0.021165 0.015252 0.021843 0.990794 0.132733
1768045732.225481510 0.339917 1.997691 0.009742 0.017025 0.026681 0.990275 0.135474
1768045732.325088501 0.340715 1.996580 0.010388 0.021800 0.031390 0.989681 0.138094
1768045732.425081253 0.336506 1.999725 0.001267 0.023680 0.026849 0.989530 0.139819
1768045732.508503914 0.342180 1.995722 -0.012600 0.021006 0.017917 0.989837 0.139504
1768045732.608572483 0.346778 1.985113 -0.000903 0.016424 0.012082 0.989946 0.139970
1768045732.708416224 0.346095 1.986960 -0.001054 0.014400 0.009519 0.989279 0.145016
1768045732.808481932 0.358279 1.979561 -0.000946 0.014278 0.009484 0.988387 0.150989
1768045732.908426046 0.359612 1.977716 0.003704 0.013368 0.009609 0.987119 0.159138
1768045733.008453131 0.362342 1.975316 -0.000569 0.013365 0.010124 0.986161 0.164942
1768045733.108499765 0.368381 1.970330 -0.000933 0.012414 0.010543 0.985291 0.170107
1768045733.208406925 0.366448 1.969079 -0.002647 0.011991 0.010379 0.984470 0.174833
1768045733.325144053 0.367285 1.963620 -0.003553 0.011413 0.009320 0.984502 0.174754
1768045733.425181389 0.388731 1.945653 0.000653 0.010700 0.010429 0.984667 0.173801
1768045733.525132179 0.393227 1.942720 0.001610 0.009861 0.010925 0.983951 0.177831
1768045733.625135183 0.405374 1.933054 0.004913 0.009045 0.011364 0.984055 0.177272
1768045733.725246429 0.410182 1.931234 -0.000612 0.008843 0.010473 0.984052 0.177353
1768045733.825133801 0.422714 1.925086 0.006755 0.008585 0.011344 0.983988 0.177666
1768045733.908429861 0.438861 1.919726 0.006401 0.012574 0.009153 0.984031 0.177318
1768045734.008421183 0.440116 1.919471 -0.000450 0.012461 0.008889 0.983607 0.179677
1768045734.108514309 0.457274 1.912267 -0.001635 0.011942 0.008569 0.983742 0.178984
1768045734.208520889 0.460202 1.908992 0.001315 0.011536 0.008916 0.983525 0.180182
1768045734.310080051 0.466439 1.905823 -0.005173 0.012176 0.007740 0.983167 0.182137
1768045734.408422709 0.479198 1.899968 0.001410 0.012265 0.008417 0.983063 0.182663
1768045734.508526087 0.483381 1.896479 0.003262 0.012041 0.008478 0.982766 0.184266
1768045734.625120401 0.490957 1.891777 0.003062 0.013325 0.007939 0.982478 0.185731
1768045734.725090504 0.496884 1.888610 -0.000323 0.013752 0.007139 0.982254 0.186913
1768045734.825118303 0.506728 1.881023 0.003302 0.014425 0.007258 0.982109 0.187620
1768045734.925098658 0.509887 1.879097 0.004071 0.015225 0.006828 0.981791 0.189229
1768045735.025095463 0.517213 1.876574 -0.000073 0.017258 0.005624 0.981604 0.190065
1768045735.108510971 0.526200 1.869791 0.000280 0.017846 0.005343 0.981534 0.190381
1768045735.208443165 0.537739 1.863215 -0.000197 0.017166 0.004219 0.981619 0.190029
1768045735.308495045 0.527248 1.868630 -0.002900 0.010107 -0.001925 0.981922 0.189006
1768045735.408495903 0.514537 1.872783 -0.022914 0.005514 -0.005205 0.982361 0.186839
1768045735.508413076 0.529765 1.863926 -0.007865 0.006880 0.007718 0.982905 0.183822
1768045735.608469248 0.526397 1.865806 -0.013623 0.007903 0.007051 0.983279 0.181798
1768045735.725289106 0.526762 1.863587 -0.009147 0.008095 0.007586 0.984459 0.175263
1768045735.825164318 0.535152 1.856723 -0.015401 0.008277 0.006514 0.985074 0.171807
1768045735.925190449 0.545431 1.850900 -0.001973 0.007297 0.008612 0.985236 0.170827
1768045736.025211811 0.548707 1.849008 -0.007237 0.007269 0.008040 0.985095 0.171669
1768045736.125194073 0.556839 1.847554 -0.013169 0.006928 0.007465 0.985023 0.172123
1768045736.225220680 0.562969 1.845606 -0.005165 0.005968 0.008793 0.984843 0.173120
1768045736.308474779 0.576508 1.837824 -0.005533 0.005329 0.008867 0.984976 0.172379
1768045736.408496380 0.588072 1.835085 -0.008322 0.005084 0.008657 0.984961 0.172487
1768045736.508662462 0.594755 1.833197 -0.009713 0.004516 0.008576 0.984848 0.173150
1768045736.608510256 0.606317 1.830482 -0.017490 0.005585 0.007280 0.984907 0.172843
1768045736.708523750 0.625855 1.823363 -0.014130 0.009119 0.004202 0.985029 0.172093
1768045736.808507442 0.617797 1.825078 -0.012164 0.009858 0.010111 0.984363 0.175587
1768045736.925169706 0.628274 1.823829 -0.017545 0.009266 0.009285 0.984286 0.176092
1768045737.025155067 0.625242 1.824826 -0.018031 0.009318 0.009156 0.984093 0.177170
1768045737.125153065 0.636460 1.820591 -0.013555 0.008835 0.009830 0.984279 0.176125
1768045737.225146770 0.655122 1.813469 -0.008385 0.008642 0.010541 0.984641 0.174061
1768045737.325206041 0.654170 1.814510 -0.018841 0.009584 0.008866 0.984493 0.174936
1768045737.408519745 0.662823 1.812651 -0.014656 0.009073 0.009436 0.984590 0.174385
1768045737.508498669 0.670508 1.809582 -0.013344 0.009572 0.009548 0.984638 0.174084
1768045737.608521700 0.676846 1.808078 -0.018682 0.010666 0.008433 0.984676 0.173864
1768045737.708534241 0.682462 1.806693 -0.006588 0.010608 0.010036 0.984665 0.173844
1768045737.808518410 0.695685 1.803791 -0.010034 0.012125 0.009160 0.984872 0.172617
1768045737.908499479 0.704122 1.800493 -0.012544 0.013858 0.008214 0.984956 0.172051
1768045738.025240183 0.701119 1.797949 -0.005234 0.013383 0.009169 0.984690 0.173561
1768045738.125330925 0.701542 1.798480 0.003000 0.007856 0.006181 0.984792 0.173452
1768045738.225226164 0.699111 1.797321 0.004762 0.001835 -0.001010 0.984938 0.172895
1768045738.325200081 0.719469 1.788012 -0.013440 0.002421 0.004147 0.985317 0.170666
1768045738.425349236 0.737090 1.787702 -0.016354 0.003805 0.004293 0.984646 0.174466
1768045738.525267363 0.737774 1.796466 -0.012976 0.003665 0.004061 0.983798 0.179197
1768045738.625143528 0.749949 1.800033 -0.021919 0.003646 0.003008 0.983437 0.181191
1768045738.708499670 0.751793 1.801058 -0.015050 0.003173 0.004233 0.982929 0.183907
1768045738.808612108 0.764010 1.801364 -0.017301 0.002872 0.004303 0.982710 0.185079
1768045738.908541441 0.763282 1.802699 -0.018109 0.002487 0.004468 0.982425 0.186589
1768045739.008554459 0.773380 1.802101 -0.018557 0.002316 0.004641 0.982503 0.186176
1768045739.108666182 0.774352 1.802616 -0.015242 0.001299 0.005285 0.982384 0.186795
1768045739.208665848 0.775168 1.804965 -0.025024 0.001306 0.004233 0.982394 0.186770
1768045739.308634281 0.819814 1.792533 -0.034206 0.001436 0.003060 0.983532 0.180702
1768045739.408570290 0.820717 1.793288 -0.017871 0.000663 0.005822 0.983383 0.181450
1768045739.525303364 0.838178 1.785357 -0.016575 0.004324 0.004320 0.983882 0.178714
1768045739.625216722 0.839779 1.782419 -0.025825 0.007827 0.010590 0.983733 0.179156
1768045739.725261211 0.825915 1.792940 -0.023866 0.006785 0.011103 0.983005 0.183117
1768045739.825199842 0.835671 1.788752 -0.021831 0.006531 0.011263 0.983165 0.182254
1768045739.925207853 0.837559 1.786226 -0.025030 0.006720 0.010745 0.983234 0.181906
1768045740.025231838 0.842581 1.784475 -0.024117 0.006677 0.010702 0.983377 0.181135
1768045743.019284964 0.845639 1.782658 -0.025275 0.006582 0.010567 0.983456 0.180717
1768045743.052628040 0.846361 1.782404 -0.026474 0.006648 0.010392 0.983475 0.180625
1768045743.085968733 0.846740 1.782163 -0.026766 0.006652 0.010342 0.983487 0.180561
1768045743.119287014 0.846699 1.781874 -0.026436 0.006566 0.010403 0.983486 0.180566
1768045743.152638435 0.845945 1.782190 -0.026277 0.006555 0.010435 0.983467 0.180668
1768045743.186005831 0.846140 1.782638 -0.025580 0.006537 0.010518 0.983469 0.180651
1768045743.219295263 0.847348 1.781719 -0.026232 0.006521 0.010438 0.983505 0.180462
1768045743.252636671 0.847693 1.781236 -0.026518 0.006519 0.010403 0.983512 0.180426
1768045743.285957098 0.845518 1.782720 -0.026392 0.006501 0.010394 0.983451 0.180758
1768045743.319310904 0.844063 1.783574 -0.027925 0.006577 0.010179 0.983414 0.180970
1768045743.352653503 0.844479 1.784197 -0.026583 0.006563 0.010361 0.983420 0.180928
1768045743.386004448 0.850772 1.777773 -0.027939 0.005001 0.009927 0.983090 0.182784
1768045743.419345140 0.850340 1.778683 -0.024336 0.004892 0.010399 0.983072 0.182861
1768045743.453086138 0.853308 1.774695 -0.030551 0.002210 0.005744 0.982893 0.184073
1768045743.519318819 0.847200 1.777898 -0.022012 0.004493 0.008307 0.982539 0.185815
1768045743.619345665 0.844840 1.779753 -0.025267 0.006810 0.009314 0.982546 0.185663
1768045743.719290733 0.845253 1.780609 -0.026578 0.008329 0.008623 0.982558 0.185568
1768045743.819298983 0.845447 1.778563 -0.024408 0.007283 0.009160 0.982495 0.185923
1768045743.919316530 0.856672 1.775013 -0.027174 0.007475 0.007652 0.982057 0.188283
1768045744.019333363 0.865645 1.773366 -0.027890 0.006928 0.004755 0.981176 0.192934
1768045744.119293928 0.862851 1.775903 -0.029084 0.006860 0.004206 0.980609 0.195811
1768045744.219318390 0.870531 1.770933 -0.032496 0.006552 0.003889 0.980625 0.195744
1768045744.319315195 0.874343 1.768824 -0.026695 0.005702 0.004613 0.980448 0.196641
1768045744.419347048 0.882478 1.762929 -0.031103 0.005565 0.004147 0.980414 0.196827
1768045744.519281864 0.889410 1.757738 -0.020617 0.004130 0.005690 0.980348 0.197151
1768045744.619292259 0.898135 1.753503 -0.027581 0.003630 0.004710 0.980310 0.197376
1768045744.719320059 0.904211 1.747694 -0.026593 0.001995 0.004892 0.980152 0.198178
1768045744.819333076 0.910435 1.744105 -0.022848 0.000787 0.005391 0.979981 0.199016
1768045744.919290066 0.916279 1.740012 -0.022832 -0.000507 0.005466 0.979826 0.199775
1768045745.019319296 0.915254 1.738970 -0.025652 -0.001573 0.005003 0.979435 0.201694
1768045745.119344711 0.923251 1.734125 -0.024252 -0.002823 0.005229 0.979307 0.202294
1768045745.219328403 0.929681 1.726488 -0.017090 -0.002870 0.006020 0.979202 0.202777
1768045745.319320917 0.937105 1.722598 -0.030328 0.000661 -0.000806 0.978773 0.204946
1768045745.419339657 0.939988 1.717206 -0.014775 0.004894 0.012782 0.977889 0.208678
1768045745.519247532 0.941085 1.717549 -0.020664 0.004310 0.012547 0.977362 0.211158
1768045745.619376183 0.936910 1.720154 -0.028291 0.004938 0.011539 0.977144 0.212209
1768045745.719323158 0.937903 1.716790 -0.029651 0.005131 0.011262 0.977199 0.211963
1768045745.819284439 0.940173 1.712373 -0.032446 0.005728 0.010731 0.977280 0.211602
1768045745.919366837 0.942271 1.709352 -0.033339 0.006191 0.010455 0.977178 0.212073
1768045746.019587040 0.951730 1.702715 -0.028977 0.005998 0.010886 0.977229 0.211823
1768045746.119335413 0.953572 1.699064 -0.031598 0.006951 0.010211 0.976986 0.212947
1768045746.219275713 0.962611 1.696162 -0.025094 0.007568 0.010686 0.976912 0.213240
1768045746.319291830 0.962250 1.694595 -0.031556 0.008456 0.009459 0.976620 0.214598
1768045746.419331312 0.968974 1.691303 -0.027519 0.009454 0.009476 0.976501 0.215098
1768045746.519335985 0.970342 1.689725 -0.025788 0.010667 0.009202 0.976242 0.216226
1768045746.619359732 0.978795 1.684634 -0.029116 0.011528 0.008331 0.976190 0.216453
1768045746.719358683 0.980410 1.680790 -0.018729 0.006470 0.005334 0.976196 0.216730
1768045746.819472551 0.976385 1.680623 -0.025457 -0.000613 -0.001543 0.976162 0.217036
1768045746.919332027 0.975601 1.680862 -0.026988 -0.001442 0.009666 0.976171 0.216783
1768045747.019425869 0.972974 1.676086 -0.031791 0.000282 0.008372 0.976299 0.216264
1768045747.119375944 0.976725 1.674666 -0.033193 0.000577 0.007762 0.976125 0.217071
1768045747.219384909 0.975497 1.674060 -0.037655 0.000628 0.006816 0.975702 0.218993
1768045747.319422245 0.972974 1.672343 -0.032604 0.000048 0.007266 0.975221 0.221113
1768045747.419426203 0.980408 1.666118 -0.028652 0.000005 0.007598 0.975077 0.221737
1768045747.519350529 0.980219 1.666000 -0.032163 0.000151 0.006982 0.974806 0.222944
1768045747.619252920 0.985970 1.659630 -0.031683 -0.000360 0.006691 0.974606 0.223824
1768045747.719355106 0.982358 1.661180 -0.032893 -0.000561 0.006351 0.974044 0.226269
1768045747.819332123 0.994301 1.654188 -0.034444 -0.000918 0.006047 0.973986 0.226527
1768045747.919350624 0.993431 1.652769 -0.029223 -0.001664 0.006516 0.973549 0.228379
1768045748.019553423 0.986011 1.653538 -0.028175 -0.001295 0.006282 0.973520 0.228513
1768045748.119386673 0.987316 1.649574 -0.025714 -0.000532 0.006204 0.973686 0.227810
1768045748.219424725 0.994307 1.641954 -0.026915 0.003701 0.010158 0.973991 0.226330
1768045748.319415092 0.996710 1.637617 -0.029080 0.002626 0.009880 0.973993 0.226347
1768045748.419351816 0.998885 1.634935 -0.032294 0.002428 0.009315 0.974088 0.225965
1768045748.519361258 1.003649 1.629506 -0.031523 0.003040 0.008994 0.974277 0.225155
1768045748.619362593 1.005455 1.625809 -0.038335 0.003572 0.008179 0.974285 0.225141
1768045748.719367266 1.002606 1.627590 -0.033621 0.003671 0.008663 0.973990 0.226397
1768045748.819403410 1.014391 1.618691 -0.030865 0.003827 0.008941 0.974128 0.225788
1768045748.919456005 1.021111 1.612175 -0.026169 0.004156 0.009326 0.974076 0.225991
1768045749.019542933 1.024518 1.606219 -0.021510 0.004228 0.009778 0.973944 0.226537
1768045749.119466305 1.029516 1.606715 -0.023685 0.005337 0.009186 0.973814 0.227099
1768045749.219406128 1.034812 1.603397 -0.016057 0.006305 0.009812 0.973720 0.227451
1768045749.319388866 1.038913 1.602183 -0.022284 0.007961 0.008519 0.973636 0.227808
1768045749.419527054 1.046944 1.595645 -0.016099 0.009393 0.008726 0.973674 0.227583
1768045749.519410849 1.047424 1.596957 -0.009603 0.005566 0.006201 0.973618 0.228034
1768045749.619429588 1.055987 1.583693 0.000256 -0.003535 0.000618 0.973800 0.227377
1768045749.719492435 1.034661 1.601755 -0.029430 -0.003887 0.009289 0.972898 0.231015
1768045749.819468975 1.050731 1.587876 -0.027737 -0.001071 0.009764 0.973268 0.229461
1768045749.919550419 1.041697 1.591666 -0.029877 -0.000851 0.009365 0.973084 0.230260
1768045750.019486189 1.042279 1.588399 -0.032743 -0.000811 0.008978 0.972881 0.231133
1768045750.119466543 1.046323 1.583227 -0.041174 -0.000370 0.007805 0.972576 0.232455
1768045750.219420433 1.046501 1.582026 -0.035569 -0.001419 0.008535 0.972119 0.234327
1768045750.319451094 1.047457 1.579086 -0.030542 -0.002225 0.009205 0.971672 0.236144
1768045750.419484615 1.054712 1.574466 -0.038786 -0.002337 0.008108 0.971389 0.237342
1768045750.519422770 1.047653 1.577118 -0.042655 -0.002647 0.007745 0.970671 0.240274
1768045750.619532108 1.052876 1.573655 -0.041321 -0.003304 0.007952 0.970300 0.241750
1768045750.719462872 1.061708 1.566550 -0.029953 -0.004403 0.009222 0.969948 0.243097
1768045750.821334839 1.056260 1.566048 -0.039894 -0.004418 0.007868 0.969163 0.246256
1768045750.919403076 1.064119 1.559191 -0.029141 -0.002513 0.007803 0.969355 0.245525
1768045751.019424200 1.066551 1.554910 -0.046841 0.000558 0.001434 0.969360 0.245640
1768045751.119439840 1.068518 1.553399 -0.037818 0.002034 0.007559 0.969386 0.245419
1768045751.219515800 1.062692 1.555131 -0.039437 0.001663 0.007518 0.969251 0.245954
1768045751.319486141 1.072938 1.546677 -0.029615 0.001228 0.008673 0.969849 0.243551
1768045751.419494152 1.069508 1.545385 -0.038665 0.001438 0.007680 0.969965 0.243119
1768045751.519475460 1.081496 1.537117 -0.031022 0.001864 0.008289 0.970404 0.241337
1768045751.619493008 1.088732 1.532409 -0.034101 0.001844 0.007684 0.970536 0.240826
1768045751.719434023 1.083986 1.535124 -0.035607 0.002231 0.007237 0.970219 0.242109
1768045751.819439411 1.089522 1.529708 -0.041185 0.003397 0.006062 0.970224 0.242110
1768045751.919478893 1.097606 1.525900 -0.029176 0.003558 0.007138 0.970348 0.241582
1768045752.019418716 1.096790 1.525922 -0.040997 0.003434 0.006081 0.970215 0.242147
1768045752.119433880 1.100300 1.520953 -0.029831 0.001892 0.007751 0.970277 0.241866
1768045752.219487190 1.102979 1.517813 -0.044739 0.001455 0.006326 0.970305 0.241796
1768045752.319491625 1.093733 1.521148 -0.048330 0.000104 0.006328 0.969944 0.243245
1768045752.419398308 1.104690 1.517174 -0.010108 -0.003926 0.008121 0.970210 0.242097
1768045752.519499302 1.102454 1.512338 -0.031938 -0.007419 0.000621 0.969815 0.243727
1768045752.619506598 1.095396 1.513000 -0.033476 -0.009544 0.002741 0.969442 0.245118
1768045752.719492674 1.100074 1.507474 -0.020164 -0.009012 0.006854 0.969495 0.244848
1768045752.819634676 1.080486 1.520344 -0.028171 -0.007860 0.006034 0.969008 0.246830
1768045752.919673443 1.076378 1.517012 -0.029240 -0.007114 0.006238 0.969294 0.245722
1768045753.019545317 1.079293 1.516858 -0.027870 -0.006232 0.006879 0.969812 0.243679
1768045753.119644880 1.069625 1.524420 -0.028531 -0.005076 0.007248 0.969892 0.243374
1768045753.219742298 1.071814 1.518815 -0.030876 -0.003980 0.007621 0.970481 0.241023
1768045753.319474936 1.066284 1.523108 -0.031768 -0.002555 0.008202 0.970727 0.240032
1768045753.419456959 1.059550 1.524297 -0.032151 -0.001491 0.008883 0.970918 0.239243
1768045753.519471645 1.055453 1.525287 -0.027242 -0.000657 0.009828 0.971152 0.238257
1768045753.619647980 1.057492 1.523957 -0.022571 -0.000326 0.010432 0.971461 0.236970
1768045753.719563246 1.048439 1.527991 -0.028012 0.000044 0.009650 0.971209 0.238034
1768045753.819545031 1.050226 1.526498 -0.027119 -0.000053 0.009742 0.971269 0.237786
1768045753.919548512 1.048303 1.527791 -0.041942 0.000783 0.007887 0.971156 0.238312
1768045754.019508123 1.050247 1.525259 -0.029755 0.000035 0.009394 0.971152 0.238278
1768045754.119624615 1.051484 1.526579 -0.035000 0.000492 0.008718 0.971147 0.238323
1768045754.219520807 1.047787 1.528604 -0.029831 0.000285 0.009344 0.970954 0.239083
1768045754.319557428 1.047952 1.526160 -0.033920 0.000283 0.008817 0.970917 0.239254
1768045754.419491053 1.046623 1.527451 -0.030484 0.000200 0.009243 0.970814 0.239654
1768045754.520053864 1.045544 1.526230 -0.031977 0.000168 0.009072 0.970749 0.239926
1768045754.619526386 1.048503 1.523557 -0.033481 0.000211 0.008878 0.970785 0.239788
1768045754.719887018 1.045261 1.526557 -0.033740 0.000508 0.008837 0.970622 0.240447
1768045754.819539309 1.047386 1.524343 -0.034920 0.000332 0.008642 0.970644 0.240366
1768045754.919482470 1.048451 1.523066 -0.031896 0.000433 0.009020 0.970639 0.240373
1768045755.019572496 1.047334 1.523992 -0.026721 0.000038 0.009692 0.970544 0.240729
1768045755.119580984 1.045591 1.524857 -0.030987 0.000094 0.009163 0.970429 0.241212
1768045755.219498158 1.048103 1.522998 -0.039472 0.000585 0.008074 0.970481 0.241041
1768045755.319542646 1.043066 1.524211 -0.033276 0.000283 0.008807 0.970253 0.241933
1768045755.419577360 1.041986 1.524296 -0.034869 0.000412 0.008613 0.970171 0.242267
1768045755.521688461 1.046085 1.523135 -0.031868 0.000099 0.009013 0.970230 0.242020
1768045755.619483471 1.046420 1.521370 -0.031651 0.000370 0.009010 0.970199 0.242143
1768045755.719553232 1.046261 1.522028 -0.026548 -0.000164 0.009664 0.970120 0.242434
1768045755.819710970 1.050030 1.523734 -0.038264 0.000459 0.008180 0.970195 0.242186
1768045755.919651508 1.049206 1.519080 -0.029604 -0.000058 0.009259 0.970123 0.242436
1768045756.019539595 1.050545 1.519518 -0.029194 -0.000264 0.009276 0.970103 0.242515
1768045756.119519234 1.046220 1.520525 -0.027731 -0.000170 0.009474 0.969913 0.243267
1768045756.219595432 1.044289 1.521034 -0.036879 0.000197 0.008377 0.969818 0.243685
1768045756.319576263 1.044297 1.520662 -0.035724 0.000248 0.008463 0.969769 0.243880
1768045756.420764685 1.044524 1.519881 -0.026706 -0.000324 0.009601 0.969708 0.244078
1768045756.519622087 1.042485 1.521960 -0.026146 -0.000257 0.009617 0.969572 0.244615
1768045756.619655848 1.045988 1.518526 -0.032989 -0.000142 0.008775 0.969643 0.244367
1768045756.719598770 1.047367 1.517199 -0.025111 -0.000407 0.009725 0.969624 0.244408
1768045756.819606304 1.040298 1.520791 -0.029148 0.000009 0.009268 0.969345 0.245530
1768045756.919587135 1.042947 1.520134 -0.029920 -0.000186 0.009118 0.969369 0.245439
1768045757.019724131 1.042964 1.518650 -0.030427 -0.000260 0.009038 0.969329 0.245599
1768045757.119606018 1.043048 1.517758 -0.035884 0.000045 0.008362 0.969281 0.245813
1768045757.221267462 1.045150 1.513933 -0.029070 -0.000159 0.009236 0.969308 0.245675
1768045757.319725037 1.040190 1.518382 -0.036586 0.000098 0.008265 0.969089 0.246574
1768045757.419644594 1.042869 1.517034 -0.033210 -0.000194 0.008664 0.969120 0.246436
1768045757.519642353 1.044984 1.514823 -0.024870 -0.000641 0.009724 0.969129 0.246363
1768045757.619598389 1.037863 1.517675 -0.028613 -0.000288 0.009256 0.968833 0.247541
1768045757.719650507 1.038640 1.516058 -0.032297 -0.000279 0.008777 0.968817 0.247621
1768045757.819611073 1.040200 1.515378 -0.031903 -0.000321 0.008816 0.968815 0.247626
